-163.7129 -78.59567
-163.1058 -78.22334
-161.2451 -78.38018
-160.2462 -78.69365
-159.4824 -79.04634
-159.2082 -79.49701
-161.1276 -79.63421
-162.4398 -79.28147
-163.0274 -78.92877
-163.0666 -78.86997
-163.7129 -78.59567

-6.197885 53.86757
-6.032985 53.15319
-6.788857 52.26012
-8.561617 51.6693
-9.977086 51.82045
-9.166283 52.86463
-9.688525 53.88136
-8.327987 54.66452
-7.572168 55.13162
-6.733847 55.17286
-5.661949 54.5546
-6.197885 53.86757

141.0002 -2.600151
142.7352 -3.289153
144.584 -3.861418
145.2731 -4.373738
145.8298 -4.876498
145.9819 -5.465609
147.6481 -6.083659
147.8911 -6.614015
146.9709 -6.721657
147.1919 -7.388024
148.0846 -8.044108
148.7341 -9.104664
149.3068 -9.071436
149.2666 -9.514406
150.0387 -9.684318
149.7388 -9.872937
150.8016 -10.29369
150.6906 -10.58271
150.0284 -10.65248
149.7823 -10.39327
148.9231 -10.28092
147.913 -10.13044
147.1354 -9.492444
146.5679 -8.942555
146.0485 -8.067414
144.7442 -7.630128
143.8971 -7.91533
143.2864 -8.245491
143.4139 -8.983069
142.6284 -9.326821
142.0683 -9.159596
141.0339 -9.117893
140.1434 -8.297168
139.1278 -8.096043
138.8815 -8.380935
137.6145 -8.411683
138.0391 -7.597882
138.6686 -7.320225
138.4079 -6.232849
137.9278 -5.393366
135.9893 -4.546544
135.1646 -4.462931
133.6629 -3.538853
133.3677 -4.024819
132.984 -4.112979
132.7569 -3.746283
132.7538 -3.311787
131.9898 -2.820551
133.0668 -2.460418
133.78 -2.479848
133.6962 -2.214542
132.2324 -2.212526
131.8362 -1.617162
130.9428 -1.432522
130.5196 -0.9377202
131.8675 -0.6954611
132.3801 -0.3695379
133.9855 -0.7802105
134.1434 -1.151867
134.4226 -2.769185
135.4576 -3.367701
136.2933 -2.307042
137.4407 -1.703513
138.3297 -1.702635
139.1849 -2.051296
139.9267 -2.409
141.0002 -2.600151

114.204 4.525874
114.6 4.900011
115.4507 5.44773
116.2207 6.143191
116.7251 6.924771
117.1296 6.928053
117.6434 6.422166
117.6891 5.98749
118.3477 5.708696
119.1819 5.407836
119.1107 5.016128
118.4397 4.966519
118.6183 4.478202
117.882 4.137551
117.3132 3.234428
118.0483 2.28769
117.8756 1.827641
118.9967 0.9022191
117.8119 0.7842418
117.4783 0.1024747
117.5216 -0.8037232
116.56 -1.487609
116.5338 -2.483517
116.1481 -4.012726
116.0009 -3.657037
114.8648 -4.106984
114.4687 -3.495704
113.7557 -3.43917
113.257 -3.118776
112.0681 -3.478392
111.7033 -2.994442
111.0482 -3.049426
110.2238 -2.934032
110.0709 -1.592874
109.5719 -1.314907
109.0919 -0.4595065
108.9527 0.4153755
109.0691 1.341934
109.6633 2.006493
110.3961 1.663775
111.1689 1.850637
111.3701 2.697303
111.7969 2.885897
112.9956 3.102395
113.7129 3.893509
114.204 4.525874

-93.61276 74.98
-94.15691 74.59235
-95.60868 74.66686
-96.82093 74.92762
-96.28859 75.37783
-94.85082 75.64722
-93.97775 75.29649
-93.61276 74.98

-93.84 77.52
-94.29561 77.49134
-96.16965 77.55511
-96.4363 77.83463
-94.42258 77.82
-93.72066 77.63433
-93.84 77.52

-96.7544 78.76581
-95.55928 78.41831
-95.83029 78.05694
-97.30984 77.8506
-98.12429 78.08286
-98.55287 78.45811
-98.63198 78.87193
-97.33723 78.83198
-96.7544 78.76581

-88.15035 74.39231
-89.76472 74.51556
-92.42244 74.83776
-92.76829 75.38682
-92.88991 75.88266
-93.89382 76.31924
-95.96246 76.44138
-97.12138 76.75108
-96.74512 77.16139
-94.68409 77.09788
-93.57392 76.7763
-91.60502 76.77852
-90.74185 76.4496
-90.96966 76.07401
-89.82224 75.84777
-89.18708 75.61017
-87.83828 75.56619
-86.37919 75.48242
-84.78963 75.6992
-82.75344 75.78432
-81.12853 75.71398
-80.05751 75.33685
-79.83393 74.92313
-80.45777 74.6573
-81.94884 74.44246
-83.22889 74.56403
-86.09745 74.41003
-88.15035 74.39231

-111.2644 78.15298
-109.8545 77.99632
-110.1869 77.69701
-112.0512 77.40923
-113.5343 77.73221
-112.7246 78.05105
-111.2644 78.15298

-110.9637 78.80444
-109.6631 78.60197
-110.8813 78.40695
-112.5421 78.4079
-112.5259 78.55055
-111.5 78.84999
-110.9637 78.80444

-66.28243 18.51476
-65.7713 18.42668
-65.591 18.22803
-65.84716 17.97591
-66.59993 17.98182
-67.18416 17.94655
-67.24243 18.37449
-67.10068 18.5206
-66.28243 18.51476

-77.5696 18.49053
-76.89662 18.40087
-76.36536 18.1607
-76.19966 17.88687
-76.90256 17.86824
-77.20634 17.70112
-77.76602 17.8616
-78.33772 18.22597
-78.21773 18.45453
-77.79736 18.52422
-77.5696 18.49053

-82.26815 23.18861
-81.40446 23.11727
-80.61877 23.10601
-79.67952 22.7653
-79.28149 22.3992
-78.34743 22.51217
-77.9933 22.27719
-77.14642 21.65785
-76.52382 21.20682
-76.19462 21.22057
-75.59822 21.01662
-75.67106 20.73509
-74.9339 20.69391
-74.17802 20.28465
-74.29665 20.05038
-74.96159 19.92344
-75.63468 19.87377
-76.32366 19.95289
-77.75548 19.85548
-77.08511 20.41335
-77.49265 20.67311
-78.13729 20.73995
-78.48283 21.02861
-78.71987 21.59811
-79.285 21.55918
-80.21748 21.82732
-80.51753 22.03708
-81.82094 22.19206
-82.16999 22.38711
-81.795 22.63696
-82.7759 22.68815
-83.49446 22.16852
-83.9088 22.15457
-84.05215 21.91058
-84.54703 21.80123
-84.97491 21.89603
-84.44706 22.20495
-84.23036 22.56575
-83.77824 22.78812
-83.26755 22.98304
-82.51044 23.07875
-82.26815 23.18861

-55.60022 51.31707
-56.13404 50.68701
-56.79588 49.81231
-56.14311 50.15012
-55.47149 49.93582
-55.8224 49.58713
-54.93514 49.31301
-54.47378 49.55669
-53.47655 49.24914
-53.78601 48.51678
-53.08613 48.6878
-52.95865 48.15716
-52.6481 47.53555
-53.06916 46.6555
-53.52146 46.61829
-54.17894 46.80707
-53.96187 47.62521
-54.24048 47.75228
-55.40077 46.88499
-55.99748 46.91972
-55.29122 47.38956
-56.2508 47.63255
-57.32523 47.57281
-59.26602 47.60335
-59.41949 47.89945
-58.79659 48.25153
-59.23162 48.52319
-58.3918 49.12558
-57.35869 50.71827
-56.73865 51.28744
-55.87098 51.63209
-55.40697 51.58827
-55.60022 51.31707

-83.88263 65.10962
-82.78758 64.76669
-81.64201 64.45514
-81.55344 63.97961
-80.81736 64.05749
-80.10345 63.72598
-80.99102 63.41125
-82.54718 63.65172
-83.1088 64.10188
-84.10042 63.56971
-85.5234 63.05238
-85.86677 63.63725
-87.22198 63.54124
-86.35276 64.03583
-86.22489 64.82292
-85.88385 65.73878
-85.16131 65.65728
-84.97576 65.21752
-84.46401 65.37177
-83.88263 65.10962

-78.77064 72.3522
-77.82462 72.74962
-75.60584 72.24368
-74.22862 71.76714
-74.09914 71.33084
-72.24223 71.55692
-71.20002 70.92001
-68.78605 70.52502
-67.91497 70.12195
-66.96903 69.18609
-68.80512 68.7202
-66.44987 68.06716
-64.86231 67.84754
-63.42493 66.92847
-61.85198 66.86212
-62.16318 66.16025
-63.91844 64.99867
-65.14886 65.42603
-66.72122 66.38804
-68.01502 66.26273
-68.14129 65.68979
-67.08965 65.10846
-65.73208 64.64841
-65.32017 64.38274
-64.66941 63.39293
-65.0138 62.67419
-66.27504 62.9451
-68.78319 63.74567
-67.36968 62.88397
-66.3283 62.28007
-66.16557 61.9309
-68.87737 62.33015
-71.02344 62.91071
-72.23538 63.39784
-71.88628 63.67999
-73.37831 64.19396
-74.83442 64.6791
-74.8185 64.38909
-77.70998 64.22954
-78.55595 64.57291
-77.89728 65.30919
-76.01827 65.32697
-73.9598 65.45476
-74.29388 65.81177
-73.94491 66.31058
-72.65117 67.28458
-72.92606 67.72693
-73.31162 68.06944
-74.84331 68.55463
-76.8691 68.89474
-76.22865 69.14777
-77.28737 69.76954
-78.16863 69.82649
-78.95724 70.16688
-79.49246 69.87181
-81.30547 69.74319
-84.94471 69.96663
-87.06 70.26
-88.68171 70.41074
-89.51342 70.76209
-88.46772 71.21819
-89.88815 71.22255
-90.20516 72.23507
-89.43658 73.12946
-88.40824 73.53789
-85.82615 73.80382
-86.56218 73.15745
-85.77437 72.53413
-84.85011 73.34028
-82.31559 73.75095
-80.60009 72.71654
-80.74894 72.06191
-78.77064 72.3522

-94.50366 74.13491
-92.42001 74.10003
-90.50979 73.85673
-92.00397 72.96624
-93.1963 72.77199
-94.26905 72.0246
-95.40986 72.06188
-96.03375 72.94028
-96.01827 73.43743
-95.49579 73.86242
-94.50366 74.13491

-100.4384 72.7059
-101.54 73.36
-100.3564 73.84387
-99.16386 73.63339
-97.38 73.76
-97.12 73.47
-98.0536 72.99053
-96.54 72.56
-96.72 71.66
-98.35965 71.27286
-99.32285 71.35639
-100.0148 71.73826
-102.48 72.48292
-102.48 72.83
-100.4384 72.7059

-107.8194 75.84553
-106.9289 76.01283
-105.881 75.96939
-105.705 75.47953
-106.3135 75.00527
-109.7 74.85001
-112.2231 74.41696
-113.7438 74.39427
-113.8713 74.7203
-111.7942 75.16249
-116.3122 75.04343
-117.7104 75.22223
-116.346 76.19902
-115.4049 76.47887
-112.5906 76.14135
-110.8142 75.54919
-109.0671 75.47322
-110.4973 76.42981
-109.5811 76.79418
-108.5486 76.67832
-108.2114 76.20168
-107.8194 75.84553

-122.8549 76.11654
-121.1575 76.86453
-119.1039 77.51222
-117.5701 77.49832
-116.1986 77.64529
-116.3358 76.87696
-117.1061 76.53003
-118.0404 76.48117
-119.8993 76.05324
-121.5 75.90002
-122.8549 76.11654

-121.5379 74.44894
-120.1098 74.24136
-117.5556 74.18576
-116.5844 73.89606
-115.5108 73.47521
-116.7679 73.22292
-119.22 72.52
-120.46 71.82
-120.46 71.3836
-123.0922 70.90164
-123.62 71.34
-125.9289 71.86869
-125.5 72.29226
-124.8073 73.02256
-123.94 73.68
-124.9177 74.29273
-121.5379 74.44894

-166.4678 60.38417
-165.6744 60.29361
-165.5792 59.90999
-166.1928 59.75444
-166.8483 59.94141
-167.4553 60.21307
-166.4678 60.38417

-153.2287 57.96902
-152.5648 57.90143
-152.1411 57.59106
-153.0063 57.11584
-154.0051 56.73468
-154.5164 56.99275
-154.671 57.4612
-153.7628 57.81657
-153.2287 57.96902

-132.71 54.04001
-131.75 54.12
-132.0495 52.98462
-131.179 52.18043
-131.5778 52.18237
-132.1804 52.63971
-132.55 53.10001
-133.0546 53.41147
-133.2397 53.85108
-133.18 54.16998
-132.71 54.04001

-125.415 49.95
-124.9208 49.47527
-123.9225 49.06248
-123.51 48.51001
-124.0129 48.37085
-125.655 48.825
-125.955 49.18
-126.85 49.53
-127.03 49.815
-128.0593 49.99496
-128.4446 50.53914
-128.3584 50.77065
-127.3086 50.55257
-126.695 50.4009
-125.755 50.29502
-125.415 49.95

-171.7317 63.78252
-171.1144 63.59219
-170.4911 63.69498
-169.6825 63.43112
-168.6894 63.29751
-168.7719 63.1886
-169.5294 62.97693
-170.2906 63.19444
-170.6714 63.37582
-171.5531 63.31779
-171.7911 63.40585
-171.7317 63.78252

-105.4923 79.30159
-103.5293 79.16535
-100.8252 78.80046
-100.0602 78.32478
-99.67094 77.90754
-101.3039 78.01898
-102.9498 78.34323
-105.1761 78.38033
-104.2104 78.67742
-105.4196 78.91834
-105.4923 79.30159

32.94696 35.3867
33.66723 35.37322
34.57647 35.6716
33.9008 35.24578
34.00488 34.9781
32.97983 34.57187
32.4903 34.70165
32.25667 35.10323
32.80247 35.1455
32.94696 35.3867

26.29 35.29999
26.165 35.005
24.72498 34.91999
24.73501 35.08499
23.51498 35.27999
23.69998 35.705
24.24667 35.36802
25.02502 35.425
25.76921 35.35402
25.74502 35.18
26.29 35.29999

49.54352 -12.46983
49.80898 -12.89528
50.05651 -13.55576
50.21743 -14.75879
50.47654 -15.22651
50.37711 -15.70607
50.20027 -16.00026
49.86061 -15.41425
49.67261 -15.71015
49.86334 -16.45104
49.77456 -16.87504
49.49861 -17.10604
49.43562 -17.95306
49.04179 -19.11878
48.54854 -20.49689
47.93075 -22.3915
47.54772 -23.78196
47.09576 -24.94163
46.28248 -25.17846
45.40951 -25.60143
44.83357 -25.3461
44.03972 -24.98835
43.76377 -24.46068
43.69778 -23.57412
43.34565 -22.7769
43.25419 -22.05741
43.4333 -21.33648
43.89368 -21.16331
43.89637 -20.83046
44.37433 -20.07237
44.4644 -19.43545
44.23242 -18.96199
44.04298 -18.33139
43.96308 -17.40994
44.31247 -16.85044
44.44652 -16.21622
44.94494 -16.17937
45.50273 -15.97437
45.87299 -15.79345
46.31224 -15.78002
46.88218 -15.21018
47.70513 -14.5943
48.00521 -14.09123
47.869 -13.66387
48.29383 -13.78407
48.84506 -13.08917
48.86351 -12.48787
49.19465 -12.04051
49.54352 -12.46983

167.2168 -15.89185
167.8449 -16.46633
167.5152 -16.59785
167.18 -16.16
167.2168 -15.89185

166.7932 -15.66881
166.6499 -15.3927
166.6291 -14.6265
167.1077 -14.93392
167.27 -15.74002
167.0012 -15.6146
166.7932 -15.66881

134.2101 -6.895238
134.1128 -6.142467
134.2903 -5.783058
134.4996 -5.445042
134.727 -5.737582
134.7246 -6.214401
134.2101 -6.895238

-48.66062 -78.04702
-48.1514 -78.04707
-46.66286 -77.83148
-45.15476 -78.04707
-43.92083 -78.4781
-43.48995 -79.08556
-43.37244 -79.51664
-43.33327 -80.02612
-44.88054 -80.33964
-46.50617 -80.59436
-48.38642 -80.82948
-50.48211 -81.02544
-52.85199 -80.96669
-54.16426 -80.63353
-53.98799 -80.22203
-51.85313 -79.94773
-50.99133 -79.61462
-50.36459 -79.18349
-49.91413 -78.81121
-49.30696 -78.45857
-48.66062 -78.04702

-66.29003 -80.25577
-64.03769 -80.29489
-61.88325 -80.39287
-61.13898 -79.98137
-60.61012 -79.62868
-59.57209 -80.04018
-59.86585 -80.54966
-60.15966 -81.00033
-62.25539 -80.86318
-64.48813 -80.92193
-65.74167 -80.58883
-65.74167 -80.54966
-66.29003 -80.25577

-73.91582 -71.26934
-73.23033 -71.15178
-72.07472 -71.19095
-71.78096 -70.68147
-71.72218 -70.30914
-71.74179 -69.50578
-71.17382 -69.03548
-70.25325 -68.87874
-69.72445 -69.25102
-69.48942 -69.62335
-69.05852 -70.07402
-68.72554 -70.50515
-68.45135 -70.95582
-68.33383 -71.40649
-68.51013 -71.79841
-68.7843 -72.17068
-69.95947 -72.30789
-71.07589 -72.50384
-72.38813 -72.48421
-71.8985 -72.09234
-73.07362 -72.22949
-74.19004 -72.36669
-74.95389 -72.07276
-75.01263 -71.66126
-73.91582 -71.26934

-102.3307 -71.89416
-101.704 -71.71779
-100.4309 -71.85499
-98.98155 -71.93334
-97.88474 -72.07054
-96.78794 -71.95297
-96.20035 -72.52121
-96.98376 -72.44286
-98.19808 -72.48204
-99.43201 -72.44286
-100.7835 -72.50162
-101.8019 -72.30566
-102.3307 -71.89416

-122.6217 -73.65778
-122.4062 -73.32462
-121.2115 -73.50099
-119.9189 -73.65773
-118.7241 -73.48135
-119.2921 -73.8341
-120.2322 -74.08881
-121.6228 -74.01047
-122.6217 -73.65778

-127.2831 -73.46177
-126.5585 -73.24623
-125.5596 -73.48135
-124.0319 -73.87327
-124.6195 -73.8341
-125.9122 -73.73612
-127.2831 -73.46177

165.78 -21.08
166.6 -21.70002
167.12 -22.15999
166.74 -22.39998
166.1897 -22.12971
165.4744 -21.67961
164.8298 -21.14982
164.168 -20.44475
164.0296 -20.10565
164.46 -20.12001
165.02 -20.45999
165.46 -20.80002
165.78 -21.08

152.64 -3.659983
153.02 -3.980015
153.14 -4.499983
152.8273 -4.766427
152.6387 -4.176127
152.406 -3.789743
151.9532 -3.462062
151.3843 -3.035422
150.662 -2.741486
150.94 -2.500002
151.48 -2.779985
151.82 -2.999972
152.24 -3.240009
152.64 -3.659983

151.3014 -5.840728
150.7544 -6.083711
150.2412 -6.317754
149.71 -6.316513
148.8901 -6.02604
148.3189 -5.747142
148.4018 -5.437756
149.2984 -5.583742
149.8456 -5.505503
149.9963 -5.026101
150.1398 -5.001348
150.2369 -5.53222
150.8075 -5.455842
151.0897 -5.113693
151.6479 -4.757074
151.5379 -4.167807
152.1368 -4.14879
152.3387 -4.312966
152.3187 -4.867661
151.9828 -5.478063
151.4591 -5.56028
151.3014 -5.840728

162.119 -10.48272
162.3986 -10.82637
161.7 -10.82001
161.3198 -10.20475
161.9174 -10.44665
162.119 -10.48272

161.68 -9.599982
161.5294 -9.784312
160.7883 -8.917543
160.58 -8.320009
160.92 -8.320009
161.28 -9.120011
161.68 -9.599982

160.8522 -9.872937
160.4626 -9.89521
159.8494 -9.794027
159.64 -9.63998
159.7029 -9.24295
160.363 -9.400304
160.6885 -9.610162
160.8522 -9.872937

159.64 -8.020027
159.875 -8.33732
159.9174 -8.53829
159.1337 -8.114181
158.5861 -7.754824
158.2111 -7.421872
158.36 -7.320018
158.82 -7.560003
159.64 -8.020027

157.14 -7.021638
157.5384 -7.34782
157.3394 -7.404767
156.902 -7.176874
156.4914 -6.765943
156.5428 -6.599338
157.14 -7.021638

154.76 -5.339984
155.0629 -5.566792
155.5477 -6.200655
156.02 -6.540014
155.88 -6.819997
155.6 -6.919991
155.167 -6.535931
154.7292 -5.900776
154.5141 -5.139118
154.6525 -5.042379
154.76 -5.339984

176.8858 -40.06598
176.508 -40.60476
176.0124 -41.28962
175.2396 -41.68831
175.0679 -41.42589
174.651 -41.28182
175.2276 -40.45924
174.9002 -39.90888
173.824 -39.50885
173.8523 -39.1466
174.5748 -38.79768
174.7435 -38.02781
174.697 -37.38113
174.292 -36.71109
174.319 -36.53482
173.841 -36.12198
173.0542 -35.23713
172.636 -34.52911
173.007 -34.45066
173.5513 -35.00618
174.3294 -35.2655
174.612 -36.15635
175.3366 -37.2091
175.3576 -36.52619
175.8089 -36.79894
175.9585 -37.55538
176.7632 -37.88125
177.4388 -37.96125
178.0104 -37.57982
178.5171 -37.69537
178.2747 -38.58281
177.9705 -39.16634
177.207 -39.14578
176.94 -39.44974
177.0329 -39.87994
176.8858 -40.06598

169.6678 -43.55533
170.5249 -43.03169
171.1251 -42.51275
171.5697 -41.76742
171.9487 -41.51442
172.0972 -40.9561
172.7986 -40.49396
173.0204 -40.91905
173.2472 -41.332
173.9584 -40.9267
174.2476 -41.34916
174.2485 -41.77001
173.8764 -42.23318
173.2227 -42.97004
172.7112 -43.37229
173.0801 -43.85334
172.3086 -43.86569
171.4529 -44.24247
171.1851 -44.8971
170.6167 -45.90893
169.8314 -46.35577
169.3323 -46.64124
168.4114 -46.61994
167.7637 -46.2902
166.6769 -46.21992
166.5091 -45.8527
167.0464 -45.11094
168.3038 -44.12397
168.9494 -43.93582
169.6678 -43.55533

147.6893 -40.80826
148.2891 -40.87544
148.3599 -42.06239
148.0173 -42.40702
147.9141 -43.21152
147.5646 -42.93769
146.8703 -43.6346
146.6633 -43.58085
146.0484 -43.54974
145.4319 -42.69378
145.2951 -42.03361
144.7181 -41.16255
144.7438 -40.70398
145.398 -40.79255
146.3641 -41.13764
146.9086 -41.00055
147.6893 -40.80826

126.1487 -32.21597
125.0886 -32.72875
124.2216 -32.95949
124.0289 -33.48385
123.6597 -33.89018
122.811 -33.91447
122.1831 -34.0034
121.2992 -33.82104
120.5803 -33.93018
119.8937 -33.97607
119.2989 -34.50937
119.0073 -34.46415
118.5057 -34.74682
118.025 -35.06473
117.2955 -35.02546
116.6251 -35.0251
115.5643 -34.38643
115.0268 -34.19652
115.0486 -33.62343
115.5451 -33.48726
115.7147 -33.25957
115.6794 -32.90037
115.8016 -32.20506
115.6896 -31.61244
115.1609 -30.60159
114.997 -30.03072
115.04 -29.46104
114.642 -28.81023
114.6165 -28.5164
114.1736 -28.11808
114.0489 -27.33471
113.4775 -26.54313
113.339 -26.11655
113.7784 -26.54903
113.441 -25.62128
113.9369 -25.91123
114.2329 -26.29845
114.2162 -25.78628
113.7213 -24.99894
113.6253 -24.68397
113.3935 -24.38471
113.502 -23.80635
113.707 -23.56022
113.8434 -23.05999
113.7366 -22.47548
114.1498 -21.75583
114.2253 -22.51749
114.6478 -21.82952
115.4602 -21.49517
115.9474 -21.06869
116.7116 -20.70168
117.1663 -20.62355
117.4415 -20.7469
118.2296 -20.37421
118.8361 -20.26331
118.9878 -20.0442
119.2525 -19.95294
119.8052 -19.97651
120.8562 -19.68371
121.3999 -19.23976
121.6551 -18.70532
122.2417 -18.19765
122.2866 -17.7986
122.3128 -17.25492
123.0126 -16.4052
123.4338 -17.26856
123.8593 -17.06904
123.5032 -16.59651
123.8171 -16.11132
124.2583 -16.32794
124.3797 -15.56706
124.9262 -15.0751
125.1673 -14.6804
125.6701 -14.51007
125.6858 -14.23066
126.1251 -14.34734
126.1428 -14.09599
126.5826 -13.95279
127.0659 -13.81797
127.8046 -14.27691
128.3597 -14.86917
128.9855 -14.87599
129.6215 -14.96978
129.4096 -14.42067
129.8886 -13.6187
130.3395 -13.35738
130.1835 -13.10752
130.6178 -12.53639
131.2235 -12.18365
131.7351 -12.30245
132.5753 -12.11404
132.5572 -11.60301
131.8247 -11.27378
132.3572 -11.12852
133.0196 -11.37641
133.5508 -11.78652
134.3931 -12.04237
134.6786 -11.94118
135.2985 -12.24861
135.8827 -11.96227
136.2584 -12.04934
136.4925 -11.85721
136.9516 -12.35196
136.6851 -12.88722
136.3054 -13.29123
135.9618 -13.32451
136.0776 -13.72428
135.7838 -14.22399
135.4287 -14.71543
135.5002 -14.99774
136.2952 -15.55026
137.0654 -15.87076
137.5805 -16.21508
138.3032 -16.8076
138.5852 -16.80662
139.1085 -17.06268
139.2606 -17.3716
140.2151 -17.7108
140.8754 -17.36907
141.0711 -16.83205
141.2741 -16.38887
141.3982 -15.84053
141.7022 -15.04492
141.5634 -14.56133
141.6355 -14.27039
141.5199 -13.69808
141.6509 -12.94469
141.8427 -12.74155
141.687 -12.40761
141.9286 -11.87747
142.1185 -11.32804
142.1437 -11.04274
142.5153 -10.66819
142.7973 -11.15735
142.8668 -11.78471
143.1159 -11.90563
143.1586 -12.32566
143.5221 -12.83436
143.5972 -13.40042
143.5618 -13.76366
143.9221 -14.54831
144.5637 -14.17118
144.8949 -14.59446
145.3747 -14.98498
145.272 -15.42821
145.4853 -16.28567
145.637 -16.78492
145.8889 -16.90693
146.1603 -17.76165
146.0637 -18.28007
146.3875 -18.95827
147.4711 -19.48072
148.1776 -19.95594
148.8484 -20.39121
148.7175 -20.63347
149.2894 -21.26051
149.6783 -22.34251
150.0774 -22.12278
150.4829 -22.55614
150.7273 -22.40235
150.8996 -23.46224
151.6092 -24.07626
152.0735 -24.45783
152.8552 -25.2675
153.1362 -26.07117
153.1619 -26.64132
153.0929 -27.2603
153.5695 -28.11007
153.5121 -28.99508
153.3391 -29.4582
153.0692 -30.35024
153.0896 -30.92364
152.8916 -31.64045
152.45 -32.55
151.7091 -33.04134
151.344 -33.81602
151.0106 -34.31036
150.7141 -35.17346
150.3282 -35.67188
150.0752 -36.42021
149.9461 -37.10905
149.9973 -37.42526
149.4239 -37.77268
148.3046 -37.80906
147.3817 -38.21922
146.9221 -38.60653
146.3179 -39.03576
145.4897 -38.59377
144.877 -38.41745
145.0322 -37.89619
144.4857 -38.08532
143.61 -38.80947
142.7454 -38.53827
142.1783 -38.38003
141.6066 -38.30851
140.6386 -38.01933
139.9922 -37.40294
139.8066 -36.6436
139.5741 -36.13836
139.0828 -35.73275
138.1207 -35.6123
138.4495 -35.12726
138.2076 -34.38472
137.7192 -35.07683
136.8294 -35.26053
137.3524 -34.70734
137.5039 -34.13027
137.8901 -33.64048
137.8103 -32.90001
136.9968 -33.75277
136.372 -34.09477
135.989 -34.89012
135.2082 -34.47867
135.2392 -33.94795
134.6134 -33.22278
134.0859 -32.84807
134.2739 -32.61723
132.9908 -32.01122
132.2881 -31.98265
131.3263 -31.4958
129.5358 -31.59042
128.2409 -31.94849
127.1029 -32.28227
126.1487 -32.21597

81.78796 7.523055
81.63732 6.481775
81.21802 6.197141
80.34836 5.96837
79.87247 6.763463
79.69517 8.200843
80.1478 9.824078
80.83882 9.268427
81.30432 8.564206
81.78796 7.523055

129.371 -2.802154
130.4713 -3.093764
130.8348 -3.858472
129.9905 -3.446301
129.1552 -3.362637
128.5907 -3.428679
127.8989 -3.393436
128.1359 -2.84365
129.371 -2.802154

126.8749 -3.790931
126.1838 -3.607376
125.989 -3.177222
127.0007 -3.129318
127.2492 -3.459065
126.8749 -3.790931

127.9324 2.174596
128.0042 1.628531
128.5946 1.540811
128.6882 1.132386
128.636 0.2584858
128.1202 0.3564127
127.968 -0.2520773
128.38 -0.7800038
128.1 -0.8999964
127.6965 -0.2665984
127.3995 1.011722
127.6005 1.810691
127.9324 2.174596

122.9276 0.8751924
124.0775 0.917102
125.066 1.643259
125.2405 1.419836
124.437 0.4278812
123.6855 0.2355932
122.7231 0.4311368
121.0567 0.3812174
120.1831 0.2372468
120.0409 -0.5196579
120.9359 -1.408906
121.4758 -0.955962
123.3406 -0.6156727
123.2584 -1.076213
122.8227 -0.9309506
122.3885 -1.516858
121.5083 -1.904483
122.4546 -3.186058
122.2719 -3.5295
123.171 -4.683693
123.1623 -5.340604
122.6285 -5.634591
122.2364 -5.282933
122.7196 -4.464172
121.7382 -4.851331
121.4895 -4.574553
121.6192 -4.188478
120.8982 -3.602105
120.9724 -2.627643
120.3055 -2.931604
120.39 -4.097579
120.4307 -5.528241
119.7965 -5.6734
119.3669 -5.379878
119.6536 -4.459417
119.4988 -3.494412
119.0783 -3.487022
118.7678 -2.801999
119.181 -2.147104
119.3234 -1.353147
119.826 0.1542545
120.0357 0.5664774
120.8858 1.309223
121.6668 1.013944
122.9276 0.8751924

120.295 -10.25865
118.9678 -9.557969
119.9003 -9.36134
120.4258 -9.665921
120.7755 -9.969675
120.7156 -10.23958
120.295 -10.25865

121.3417 -8.53674
122.0074 -8.46062
122.9035 -8.094234
122.757 -8.649808
121.2545 -8.933666
119.9244 -8.810418
119.9209 -8.444859
120.7151 -8.236965
121.3417 -8.53674

118.2606 -8.362383
118.8785 -8.280683
119.1265 -8.705825
117.9704 -8.906639
117.2777 -9.040895
116.7401 -9.032885
117.0837 -8.457158
117.632 -8.449303
117.9 -8.095681
118.2606 -8.362383

108.4868 -6.421985
108.6235 -6.777674
110.5392 -6.877358
110.7596 -6.465186
112.6148 -6.946036
112.9788 -7.594213
114.4789 -7.776528
115.7055 -8.370807
114.5645 -8.751817
113.4647 -8.348947
112.5597 -8.376181
111.5221 -8.302129
110.5861 -8.122605
109.4277 -7.740664
108.6937 -7.6416
108.2778 -7.766657
106.4541 -7.3549
106.2806 -6.9249
105.3655 -6.851416
106.0516 -5.895919
107.265 -5.954985
108.0721 -6.345762
108.4868 -6.421985

104.37 -1.084843
104.5395 -1.782372
104.8879 -2.340425
105.6221 -2.428844
106.1086 -3.061777
105.8574 -4.305525
105.8177 -5.852356
104.7104 -5.873285
103.8682 -5.037315
102.5843 -4.220259
102.1562 -3.614146
101.3991 -2.799777
100.9025 -2.050262
100.142 -0.6503476
99.26374 0.1831416
98.97001 1.042882
98.60135 1.823507
97.6996 2.453184
97.17694 3.308791
96.42402 3.86886
95.38088 4.970782
95.29303 5.479821
95.93686 5.439513
97.48488 5.246321
98.36917 4.26837
99.14256 3.59035
99.694 3.174329
100.6414 2.099381
101.658 2.083697
102.4983 1.3987
103.0768 0.5613614
103.8384 0.1045417
103.4376 -0.7119459
104.0108 -1.059212
104.37 -1.084843

120.8339 12.7045
120.3234 13.46641
121.1801 13.4297
121.5274 13.06959
121.2622 12.20556
120.8339 12.7045

122.5861 9.981045
122.8371 10.26118
122.9474 10.88187
123.4988 10.94062
123.3378 10.26738
124.0779 11.23273
123.9824 10.27878
123.6231 9.950091
123.3099 9.318269
122.9958 9.022189
122.3801 9.713361
122.5861 9.981045

126.3768 8.414706
126.4785 7.750354
126.5374 7.189406
126.1968 6.274294
125.8314 7.293715
125.3639 6.786485
125.6832 6.049657
125.3965 5.581003
124.2198 6.161355
123.9387 6.885136
124.2437 7.36061
123.6102 7.833527
123.2961 7.418876
122.8255 7.457375
122.0855 6.899424
121.9199 7.192119
122.3124 8.034962
122.9424 8.316237
123.4877 8.693036
123.8412 8.240324
124.6015 8.514158
124.7646 8.960409
125.4714 8.986997
125.4121 9.760335
126.2227 9.286074
126.3066 8.782487
126.3768 8.414706

109.4752 18.1977
108.6552 18.50768
108.6262 19.36789
109.1191 19.82104
110.2116 20.10125
110.7866 20.07753
111.0101 19.69593
110.5706 19.25588
110.3392 18.6784
109.4752 18.1977

121.7778 24.39427
121.1756 22.79086
120.7471 21.97057
120.2201 22.81486
120.1062 23.55626
120.6947 24.53845
121.495 25.29546
121.9512 24.9976
121.7778 24.39427

141.8846 39.18086
140.9595 38.174
140.9763 37.14207
140.5998 36.34398
140.7741 35.84288
140.2533 35.13814
138.9755 34.6676
137.2176 34.60629
135.793 33.46481
135.121 33.84907
135.0794 34.59654
133.3403 34.37594
132.1568 33.90493
130.9861 33.88576
132 33.14999
131.3328 31.45035
130.6863 31.02958
130.2024 31.41824
130.4477 32.31947
129.8147 32.61031
129.4084 33.29606
130.3539 33.60415
130.8785 34.23274
131.8842 34.74971
132.6177 35.43339
134.6083 35.73162
135.6775 35.52713
136.7238 37.30498
137.3906 36.82739
138.8576 37.82748
139.4264 38.21599
140.0548 39.43881
139.8834 40.56331
140.3058 41.19501
141.369 41.37856
141.9143 39.99162
141.8846 39.18086

144.6134 43.96091
145.3208 44.38473
145.5431 43.26211
144.0597 42.98836
143.1838 41.99521
141.6115 42.67879
141.0673 41.58459
139.9551 41.56956
139.8175 42.56376
140.3121 43.33327
141.3805 43.38882
141.672 44.77213
141.9676 45.55148
143.1429 44.51036
143.9102 44.1741
144.6134 43.96091

8.709991 40.89998
9.210012 41.20999
9.809975 40.50001
9.669519 39.17738
9.214818 39.24047
8.806936 38.90662
8.428302 39.17185
8.388253 40.37831
8.159998 40.95001
8.709991 40.89998

8.746009 42.62812
9.390001 43.00998
9.560016 42.15252
9.229752 41.38001
8.775723 41.58361
8.544213 42.25654
8.746009 42.62812

12.3709 56.11141
12.69001 55.60999
12.08999 54.80001
11.04354 55.36486
10.90391 55.77995
12.3709 56.11141

-4.211495 58.55085
-3.005005 58.635
-4.073828 57.55302
-3.055002 57.69002
-1.959281 57.6848
-2.219988 56.87002
-3.119003 55.97379
-2.085009 55.91
-1.114991 54.62499
-0.430485 54.46438
0.1849813 53.32501
0.4699768 52.93
1.681531 52.73952
1.559988 52.1
1.050562 51.80676
1.449865 51.28943
0.5503337 50.76574
-0.7875175 50.77499
-2.489998 50.50002
-2.956274 50.69688
-3.617448 50.22836
-4.542508 50.34184
-5.245023 49.96
-5.776567 50.15968
-4.30999 51.21
-3.414851 51.42601
-4.984367 51.59347
-5.267296 51.9914
-4.222347 52.30136
-4.770013 52.84
-4.579999 53.495
-3.09208 53.40444
-2.945009 53.985
-3.630005 54.61501
-4.844169 54.79097
-5.082527 55.0616
-4.719112 55.50847
-5.047981 55.78399
-5.586398 55.31115
-5.644999 56.27501
-6.149981 56.78501
-5.786825 57.81885
-5.009999 58.63001
-4.211495 58.55085

-14.5087 66.45589
-14.73964 65.80875
-13.60973 65.12667
-14.90983 64.36408
-17.79444 63.67875
-18.65625 63.49638
-19.97275 63.64363
-22.76297 63.96018
-21.77848 64.40212
-23.95504 64.89113
-22.1844 65.08497
-22.22742 65.37859
-24.32618 65.61119
-23.65051 66.26252
-22.13492 66.41047
-20.57628 65.73211
-19.05684 66.27663
-17.79862 65.99385
-16.16782 66.52682
-14.5087 66.45589

142.9146 53.70458
143.2608 52.74076
143.2353 51.75666
143.648 50.7476
144.6541 48.97639
143.1739 49.30655
142.5587 47.86158
143.5335 46.83673
143.5053 46.13791
142.7477 46.74076
142.092 45.96676
141.9069 46.80593
142.0184 47.78013
141.9044 48.85919
142.1358 49.61516
142.18 50.95234
141.5941 51.93543
141.6825 53.30197
142.6069 53.76215
142.2097 54.22548
142.6548 54.36588
142.9146 53.70458

118.5046 9.316383
117.1743 8.3675
117.6645 9.066889
118.3869 9.6845
118.9873 10.37629
119.5115 11.36967
119.6897 10.55429
119.0295 10.00365
118.5046 9.316383

122.337 18.22488
122.1743 17.81028
122.5157 17.0935
122.2523 16.26244
121.6628 15.93102
121.505 15.12481
121.7288 14.32838
122.2589 14.2182
122.7013 14.33654
123.9503 13.78213
123.8551 13.23777
124.1813 12.99753
124.0774 12.53668
123.298 13.02753
122.9287 13.55292
122.6714 13.18584
122.0346 13.78448
121.1264 13.63669
120.6286 13.85766
120.6794 14.27102
120.9918 14.52539
120.6933 14.75667
120.5641 14.39628
120.0704 14.97087
119.9209 15.40635
119.8838 16.3637
120.2864 16.03463
120.39 17.59908
120.7159 18.50523
121.3213 18.50406
121.9376 18.21855
122.246 18.47898
122.337 18.22488

122.0384 11.41584
121.8835 11.89176
122.4838 11.58221
123.1202 11.58366
123.1008 11.16593
122.6377 10.74131
122.0026 10.44102
121.9674 10.90569
122.0384 11.41584

125.5026 12.16269
125.7834 11.04615
125.0119 11.31145
125.0328 10.97582
125.2774 10.35872
124.8018 10.13468
124.7602 10.838
124.4591 10.88993
124.3025 11.49537
124.891 11.41558
124.878 11.79419
124.2668 12.55776
125.2271 12.53572
125.5026 12.16269

-77.35336 8.670505
-76.83667 8.638749
-76.08638 9.336821
-75.6746 9.443248
-75.6647 9.774003
-75.48043 10.61899
-74.9069 11.08304
-74.27675 11.10204
-74.19722 11.31047
-73.41476 11.22702
-72.62784 11.73197
-72.23819 11.95555
-71.75409 12.4373
-71.39982 12.37604
-71.13746 12.11298
-71.33158 11.77628
-71.36001 11.53999
-71.94705 11.42328
-71.62087 10.96946
-71.63306 10.44649
-72.07417 9.865651
-71.69564 9.072263
-71.26456 9.13722
-71.04 9.859993
-71.35008 10.21194
-71.40062 10.96897
-70.1553 11.37548
-70.29384 11.84682
-69.94324 12.16231
-69.5843 11.45961
-68.883 11.44338
-68.23327 10.88574
-68.19413 10.55465
-67.29625 10.54587
-66.22786 10.64863
-65.65524 10.2008
-64.89045 10.07721
-64.32948 10.3896
-64.31801 10.64142
-63.07932 10.70172
-61.88095 10.71563
-62.73012 10.42027
-62.38851 9.948204
-61.58877 9.873067
-60.8306 9.38134
-60.67125 8.580174
-60.1501 8.602757
-59.75828 8.367035
-59.10168 7.999202
-58.48296 7.347691
-58.45488 6.832787
-58.0781 6.809094
-57.54222 6.321268
-57.14744 5.97315
-55.94932 5.772878
-55.84178 5.953125
-55.03325 6.025291
-53.95804 5.756548
-53.61845 5.646529
-52.88214 5.409851
-51.82334 4.565768
-51.6578 4.156232
-51.29999 4.120007
-51.06977 3.650398
-50.50888 1.901564
-49.97408 1.736483
-49.9471 1.04619
-50.69925 0.2229841
-50.38821 -0.07844451
-48.62057 -0.2354892
-48.5845 -1.237805
-47.82496 -0.5816179
-46.56658 -0.9410275
-44.9057 -1.55174
-44.41762 -2.13775
-44.58159 -2.691308
-43.41879 -2.38311
-41.47266 -2.912018
-39.97867 -2.873054
-38.50038 -3.700652
-37.22325 -4.820946
-36.45294 -5.109404
-35.5978 -5.149504
-35.23539 -5.464937
-34.89603 -6.738193
-34.72999 -7.343221
-35.12821 -8.996401
-35.63697 -9.649282
-37.04652 -11.04072
-37.68361 -12.17119
-38.42388 -13.03812
-38.67389 -13.05765
-38.95328 -13.79337
-38.8823 -15.66705
-39.16109 -17.20841
-39.26734 -17.86775
-39.58352 -18.2623
-39.76082 -19.59911
-40.77474 -20.90451
-40.94476 -21.93732
-41.75416 -22.37068
-41.98828 -22.97007
-43.0747 -22.96769
-44.64781 -23.35196
-45.35214 -23.79684
-46.47209 -24.08897
-47.64897 -24.8852
-48.49546 -25.87702
-48.641 -26.62365
-48.47474 -27.17591
-48.66152 -28.18613
-48.88846 -28.67412
-49.58733 -29.22447
-50.69687 -30.98447
-51.57623 -31.7777
-52.25608 -32.24537
-52.7121 -33.19658
-53.37366 -33.76838
-53.80643 -34.39681
-54.93587 -34.95265
-55.67409 -34.75266
-56.2153 -34.85984
-57.13969 -34.43046
-57.81786 -34.46255
-58.42707 -33.90945
-58.49544 -34.43149
-57.22583 -35.28803
-57.36236 -35.97739
-56.73749 -36.41313
-56.78829 -36.90157
-57.74916 -38.18387
-59.23186 -38.72017
-61.23745 -38.92842
-62.33596 -38.82771
-62.12576 -39.4241
-62.33053 -40.17259
-62.14599 -40.6769
-62.7458 -41.02876
-63.77049 -41.16679
-64.73209 -40.80268
-65.11804 -41.06431
-64.97856 -42.058
-64.30341 -42.35902
-63.75595 -42.04369
-63.45806 -42.56314
-64.3788 -42.87356
-65.1818 -43.49538
-65.32882 -44.50137
-65.56527 -45.03679
-66.50997 -45.03963
-67.29379 -45.5519
-67.58055 -46.30177
-66.59707 -47.03387
-65.64103 -47.23613
-65.98509 -48.13329
-67.16618 -48.69734
-67.81609 -49.86967
-68.72875 -50.26417
-69.13854 -50.73251
-68.81556 -51.7711
-68.14999 -52.34998
-68.57155 -52.29944
-69.46128 -52.29195
-69.94278 -52.53793
-70.8451 -52.8992
-71.00633 -53.83325
-71.42979 -53.85645
-72.55794 -53.53141
-73.70276 -52.83507
-74.94676 -52.26275

-77.88157 7.223771
-77.47666 6.691116
-77.31882 5.845354
-77.53322 5.582812
-77.3076 4.667984
-77.49627 4.087606
-77.12769 3.849636
-77.51043 3.325017
-77.93154 2.696606
-78.42761 2.629556
-78.66212 2.267355
-78.61783 1.766404
-78.99094 1.69137
-78.85526 1.380924
-79.54276 0.9829377
-80.09061 0.7684289
-80.0209 0.3603401
-80.39932 -0.2837033
-80.58337 -0.9066627
-80.93366 -1.057455
-80.76481 -1.965048
-80.96777 -2.246943
-80.36878 -2.685159
-79.98656 -2.220794
-79.77029 -2.657512
-80.30256 -3.404856
-81.09967 -4.036394
-81.41094 -4.736765
-80.92635 -5.690557
-81.25 -6.136834
-80.53748 -6.541668
-79.76058 -7.194341
-79.44592 -7.930833
-79.03695 -8.386568
-78.09215 -10.37771
-77.10619 -12.22272
-76.25924 -13.53504
-76.42347 -13.82319
-76.00921 -14.64929
-75.23788 -15.26568
-73.44453 -16.35936
-71.46204 -17.36349
-71.37525 -17.77375
-70.37257 -18.34798
-70.16442 -19.75647
-70.09125 -21.39332
-70.40397 -23.629
-70.72495 -25.70592
-70.90512 -27.64038
-71.48989 -28.86144
-71.37008 -30.09568
-71.66872 -30.92064
-71.43845 -32.4189
-71.86173 -33.90909
-72.55314 -35.50884
-73.16672 -37.12378
-73.58806 -37.15628
-73.50556 -38.28288
-73.21759 -39.25869
-73.6771 -39.94221
-74.01796 -41.79481
-74.33194 -43.22496
-73.70134 -43.36578
-73.3889 -42.11753
-72.7178 -42.38336
-73.24036 -44.45496
-74.35171 -44.10304
-74.69215 -45.76398
-75.6444 -46.64764
-74.12658 -46.93925
-75.18277 -47.71192
-75.60802 -48.67377
-75.47975 -50.37837
-74.97663 -51.0434
-75.26003 -51.62935
-74.94676 -52.26275

-74.66254 -52.8375
-73.8381 -53.04741
-72.43418 -53.71538
-71.10772 -54.07432
-70.59178 -53.61585
-70.26749 -52.93124
-69.34566 -52.51829
-68.63413 -52.63627
-68.25001 -53.10001
-67.74999 -53.84999
-66.45 -54.45001
-65.05 -54.70002
-65.5 -55.19999
-66.45 -55.25001
-66.95991 -54.8968
-67.29103 -55.30122
-68.14863 -55.61185
-68.63999 -55.58002
-69.2321 -55.49904
-69.95808 -55.19844
-71.00569 -55.05385
-72.2639 -54.49512
-73.28521 -53.95753
-74.66254 -52.8375

44.84696 80.58981
46.79914 80.77192
48.31848 80.78401
48.52281 80.51457
49.09719 80.75399
50.03977 80.91889
51.52293 80.69973
51.13619 80.54728
49.79368 80.41543
48.89441 80.33957
48.75494 80.17547
47.58612 80.01018
46.50283 80.24725
47.07246 80.55942
44.84696 80.58981

53.50829 73.74981
55.90246 74.62749
55.63193 75.08141
57.86864 75.60939
61.17004 76.25188
64.49837 76.43906
66.21093 76.80978
68.15706 76.9397
68.85221 76.54481
68.18057 76.23364
64.63733 75.73775
61.58351 75.26088
58.47708 74.30906
56.98679 73.33304
55.41934 72.37127
55.62284 71.54059
57.53569 70.72046
56.94498 70.63274
53.67738 70.76266
53.41202 71.20666
51.60189 71.47476
51.45575 72.01488
52.47828 72.22944
52.44417 72.77473
54.42761 73.62755
53.50829 73.74981

27.40751 80.05641
25.92465 79.51783
23.02447 79.40004
20.07519 79.56682
19.89727 79.84236
18.46226 79.85988
17.36802 80.3189
20.45599 80.59816
21.90794 80.35768
22.91925 80.65714
25.44763 80.40734
27.40751 80.05641

24.7241 77.85385
22.49034 77.44494
20.726 77.67704
21.41609 77.93504
20.81189 78.25463
22.88427 78.45495
23.28135 78.07952
24.7241 77.85385

15.14283 79.67431
15.52255 80.0161
16.99083 80.05088
18.25184 79.70175
21.54383 78.95611
19.0274 78.5626
18.47172 77.82667
17.59441 77.63795
17.11821 76.80942
15.91317 76.77046
13.7626 77.38034
14.66958 77.73567
13.1706 78.02493
11.22229 78.86929
10.44456 79.6524
13.17075 80.01047
13.71852 79.66041
15.14283 79.67431

-77.88157 7.223771
-78.21494 7.512255
-78.42916 8.052041
-78.1821 8.319182
-78.43547 8.387705
-78.62212 8.718124
-79.12031 8.996092
-79.55788 8.932375
-79.76058 8.584515
-80.16448 8.333316
-80.38266 8.298409
-80.48069 8.090308
-80.00369 7.547524
-80.27667 7.419754
-80.42116 7.271572
-80.8864 7.220541
-81.05954 7.817921
-81.18972 7.647906
-81.51951 7.70661
-81.72131 8.108963
-82.13144 8.175393
-82.39093 8.292362
-82.60549 8.291613
-82.82008 8.290864
-82.85096 8.073823
-82.96578 8.225054
-83.50844 8.446927
-83.71147 8.656836
-83.59631 8.830443
-83.63264 9.051386
-83.90989 9.290803
-84.3034 9.487354
-84.64764 9.615537
-84.71335 9.908052
-84.97566 10.08672
-84.91137 9.795992
-85.11092 9.55704
-85.33949 9.834542
-85.66079 9.933347
-85.79744 10.13489
-85.79171 10.43934
-85.65931 10.75433
-85.80052 10.82479
-85.94173 10.89528
-85.71254 11.08844
-86.05849 11.40344
-86.52585 11.80688
-86.74599 12.14396
-87.16752 12.45826
-87.66849 12.90991
-87.55747 13.06455
-87.39239 12.91402
-87.31665 12.98469
-87.48941 13.29753
-87.64126 13.34102
-87.79311 13.38448
-87.90411 13.14902
-88.4833 13.16395
-88.84323 13.25976
-89.25674 13.45853
-89.81239 13.52062
-90.09555 13.73534
-90.60862 13.90977
-91.23241 13.92783
-91.68975 14.12622
-92.22775 14.53883
-93.35946 15.61543
-93.87517 15.94019
-94.69166 16.20098
-95.25023 16.12832
-96.05338 15.75209
-96.55743 15.65352
-97.26359 15.91706
-98.01303 16.10731
-98.94768 16.56604
-99.6974 16.70616
-100.8295 17.17107
-101.6661 17.64903
-101.9185 17.91609
-102.4781 17.97575
-103.501 18.29229
-103.9175 18.74857
-104.992 19.31613
-105.493 19.94677
-105.7314 20.4341
-105.3978 20.53172
-105.5007 20.8169
-105.2708 21.07628
-105.2658 21.4221
-105.6032 21.87115
-105.6934 22.26908
-106.0287 22.77375
-106.91 23.7678
-107.9154 24.54892
-108.4019 25.17231
-109.2602 25.58061
-109.4441 25.82488
-109.2916 26.44293
-109.8015 26.67618
-110.3917 27.16211
-110.641 27.85988
-111.1789 27.94124
-111.7596 28.46795
-112.2282 28.95441
-112.2718 29.26684
-112.8096 30.02111
-113.1638 30.78688
-113.1487 31.17097
-113.8719 31.56761
-114.2057 31.52405
-114.7765 31.79953
-114.9367 31.39348
-114.7712 30.91362
-114.6739 30.16268
-114.331 29.75043
-113.5889 29.06161
-113.4241 28.82617
-113.272 28.75478
-113.14 28.41129
-112.9623 28.42519
-112.7616 27.78022
-112.4579 27.52581
-112.245 27.17175
-111.6165 26.66282
-111.2847 25.73259
-110.9878 25.29463
-110.71 24.826
-110.655 24.29859
-110.1729 24.26555
-109.7718 23.81118
-109.4091 23.36467
-109.4334 23.18559
-109.8542 22.81827
-110.0314 22.82308
-110.2951 23.43097
-110.9495 24.00096
-111.6706 24.48442
-112.182 24.73841
-112.149 25.47013
-112.3007 26.012
-112.7773 26.32196
-113.4647 26.76819
-113.5967 26.63946
-113.8489 26.90006
-114.4657 27.14209
-115.0551 27.72273
-114.9823 27.7982
-114.5704 27.74149
-114.1993 28.115
-114.162 28.56611
-114.9318 29.27948
-115.5187 29.55636
-115.8874 30.18079
-116.2584 30.83646
-116.7215 31.63574
-117.1278 32.53533
-117.2959 33.04622
-117.944 33.62124
-118.4106 33.74091
-118.5199 34.02778
-119.081 34.078
-119.4388 34.34848
-120.3678 34.4471
-120.6229 34.60856
-120.7443 35.15687
-121.7146 36.16151
-122.5475 37.55177
-122.512 37.78338
-122.9532 38.11369
-123.7272 38.95165
-123.8652 39.76698
-124.3981 40.3132
-124.1788 41.14204
-124.2137 41.99963
-124.5328 42.76599
-124.1421 43.70838
-124.0205 44.6159
-123.8989 45.52341
-124.0796 46.86475
-124.3957 47.72017
-124.6872 48.18443
-124.5661 48.37971
-123.12 48.04
-122.5874 47.09599
-122.34 47.36
-122.5 48.18001
-122.84 49
-122.9742 49.00254
-124.9103 49.98457
-125.6246 50.41656
-127.4356 50.83059
-127.9928 51.71584
-127.8503 52.32962
-129.1298 52.75538
-129.3052 53.56159
-130.515 54.28757
-130.5361 54.80275
-131.0858 55.17891
-131.9672 55.49778
-132.25 56.37
-133.5392 57.17889
-134.0781 58.12307
-135.0382 58.18771
-136.6281 58.21221
-137.8 58.5
-139.8678 59.53776
-140.8253 59.72752
-142.5744 60.08445
-143.9589 59.99918
-145.9256 60.45861
-147.1144 60.88466
-148.2243 60.67299
-148.0181 59.97833
-148.5708 59.91417
-149.7279 59.70566
-150.6082 59.36821
-151.7164 59.15582
-151.8594 59.74498
-151.4097 60.7258
-150.3469 61.03359
-150.6211 61.28445
-151.8958 60.7272
-152.5783 60.06166
-154.0192 59.35028
-153.2875 58.86473
-154.2325 58.14637
-155.3075 57.72779
-156.3083 57.42277
-156.5561 56.97998
-158.1172 56.46361
-158.4333 55.99415
-159.6033 55.56669
-160.2897 55.64358
-161.223 55.36473
-162.2378 55.02419
-163.0694 54.68974
-164.7856 54.40417
-164.9422 54.57222
-163.8483 55.03943
-162.87 55.34804
-161.8042 55.89499
-160.5636 56.00805
-160.0706 56.41806
-158.6844 57.01668
-158.4611 57.21695
-157.7228 57.57
-157.5503 58.32833
-157.0417 58.91888
-158.1947 58.6158
-158.5172 58.78778
-159.0586 58.42419
-159.7117 58.93139
-159.9813 58.57255
-160.3553 59.07112
-161.355 58.67084
-161.9689 58.67166
-162.055 59.26695
-161.8742 59.63362
-162.5181 59.98972
-163.8183 59.79806
-164.6622 60.26748
-165.3464 60.5075
-165.3508 61.0739
-166.1214 61.50002
-165.7345 62.075
-164.9192 62.63308
-164.5625 63.14638
-163.7533 63.21945
-163.0672 63.05946
-162.2606 63.54196
-161.5344 63.45582
-160.7725 63.76611
-160.9583 64.2228
-161.5181 64.40279
-160.7778 64.7886
-161.3919 64.77724
-162.4531 64.55944
-162.7578 64.33861
-163.5464 64.55916
-164.9608 64.44695
-166.4253 64.68667
-166.845 65.0889
-168.1106 65.67
-166.7053 66.08832
-164.4747 66.57666
-163.6525 66.57666
-163.7886 66.07721
-161.6778 66.11612
-162.4897 66.73557
-163.7197 67.11639
-164.431 67.61634
-165.3903 68.04277
-166.7644 68.35888
-166.2047 68.88303
-164.4308 68.91554
-163.1686 69.37111
-162.9306 69.85806
-161.9089 70.33333
-160.9348 70.44769
-159.0392 70.89164
-158.1197 70.82472
-156.5808 71.35776
-155.0678 71.14778
-154.3442 70.69641
-153.9 70.88999
-152.21 70.82999
-152.27 70.60001
-150.74 70.43002
-149.72 70.53001
-147.6134 70.21403
-145.69 70.12001
-144.92 69.98999
-143.5894 70.15251
-142.0725 69.85196
-140.986 69.712
-139.1205 69.47101
-137.5464 68.99
-136.5036 68.89802
-135.6257 69.31512
-134.4146 69.62743
-132.9292 69.50534
-131.4314 69.94452
-129.7947 70.1937
-129.1077 69.77926
-128.3616 70.01286
-128.1382 70.48384
-127.4471 70.3772
-125.7563 69.48057
-124.4248 70.15841
-124.2897 69.39969
-123.0611 69.56371
-122.6835 69.85553
-121.4723 69.79778
-119.9429 69.37786
-117.6027 69.01129
-116.2264 68.84148
-115.2469 68.90592
-113.898 68.3989
-115.3049 67.90263
-113.4973 67.68817
-110.798 67.80609
-109.9462 67.98104
-108.8802 67.38144
-107.7924 67.88733
-108.813 68.31164
-108.1672 68.65395
-106.95 68.69999
-106.15 68.79999
-105.3428 68.56122
-104.3379 68.01802
-103.2212 68.09776
-101.4543 67.64688
-99.90196 67.80563
-98.44321 67.78165
-98.5586 68.40394
-97.66949 68.57866
-96.11992 68.2394
-96.12588 67.29339
-95.48944 68.0907
-94.68499 68.06383
-94.23282 69.06901
-95.30407 69.68572
-96.47132 70.08978
-96.39114 71.19483
-95.20881 71.92052
-93.88997 71.76017
-92.87818 71.3187
-91.51965 70.19127
-92.40691 69.69998
-90.5471 69.49767
-90.5515 68.47499
-89.21514 69.25872
-88.01966 68.61509
-88.3175 67.87338
-87.35017 67.19874
-86.30607 67.92146
-85.57663 68.78456
-85.52198 69.88209
-84.1008 69.8054
-82.62257 69.65825
-81.28043 69.16203
-81.2202 68.66568
-81.96437 68.13253
-81.25927 67.59717
-81.38653 67.11079
-83.34457 66.41155
-84.73542 66.2573
-85.76944 66.55831
-86.06761 66.05625
-87.03143 65.21297
-87.32324 64.77563
-88.48297 64.09898
-89.91443 64.03273
-90.70399 63.61017
-90.77004 62.96021
-91.93343 62.83508
-93.15697 62.02469
-94.24153 60.89866
-94.62931 60.11021
-94.6846 58.94881
-93.21503 58.78212
-92.76462 57.84572
-92.29702 57.08708
-90.89768 57.28467
-89.03952 56.85172
-88.03979 56.47162
-87.3242 55.99911
-86.0712 55.72383
-85.01181 55.30262
-83.36054 55.2449
-82.27285 55.14831
-82.4362 54.28227
-82.12503 53.27703
-81.40074 52.15785
-79.91289 51.2084
-79.14302 51.53393
-78.60192 52.56206
-79.12421 54.14145
-79.82957 54.66772
-78.22873 55.13645
-77.0956 55.83742
-76.54137 56.53422
-76.6232 57.20263
-77.30225 58.05209
-78.51688 58.80458
-77.33675 59.85263
-77.77272 60.75789
-78.10688 62.31966
-77.41067 62.55055
-75.6962 62.2784
-74.6682 62.18111
-73.83988 62.44379
-72.90854 62.10507
-71.67709 61.52537
-71.3737 61.1372
-69.59042 61.06142
-69.62032 60.22123
-69.28788 58.95736
-68.37455 58.80106
-67.64977 58.21205
-66.20177 58.76732
-65.24519 59.87071
-64.58352 60.33559
-63.80476 59.44257
-62.50236 58.1671
-61.39656 56.96743
-61.79865 56.33946
-60.46853 55.77548
-59.56961 55.20407
-57.97509 54.94548
-57.33321 54.62649
-56.93688 53.78034
-56.15812 53.64748
-55.75631 53.27037
-55.68339 52.14664
-56.40916 51.77069
-57.12692 51.4197
-58.77483 51.0643
-60.0331 50.24277
-61.72367 50.08046
-63.8625 50.29099
-65.36332 50.29817
-66.39904 50.22898
-67.2363 49.51155
-68.51114 49.06837
-69.95363 47.74489
-71.10457 46.82172
-70.25522 46.98607
-68.64999 48.3
-66.55244 49.13307
-65.05626 49.23278
-64.17099 48.7425
-65.11545 48.07086
-64.79855 46.99297
-64.47218 46.2385
-63.1733 45.73902
-61.52071 45.88376
-60.51814 47.00793
-60.4486 46.28265
-59.80288 45.9204
-61.03989 45.26525
-63.25471 44.67014
-64.24656 44.26552
-65.36407 43.54525
-66.1234 43.61868
-66.16172 44.46512
-64.42549 45.29204
-66.02604 45.2593
-67.13742 45.1375
-66.96466 44.8097
-68.03252 44.3252
-69.06 43.98
-70.11617 43.68405
-70.64548 43.09024
-70.8149 42.86529
-70.825 42.33499
-70.49499 41.80499
-70.08001 41.78001
-70.18499 42.145
-69.88498 41.92282
-69.96503 41.63717
-70.64 41.47499
-71.12038 41.49444
-71.85383 41.31998
-72.29499 41.26999
-72.87642 41.22064
-73.71 40.9311
-72.24124 41.11948
-71.94501 40.93001
-73.345 40.63
-73.98199 40.62801
-73.95233 40.75075
-74.2567 40.4735
-73.96244 40.42763
-74.17839 39.70926
-74.90604 38.93954
-74.9804 39.19639
-75.20003 39.24846
-75.52805 39.49849
-75.32 38.96
-75.07183 38.78203
-75.05673 38.40412
-75.37746 38.01551
-75.94024 37.2169
-76.03127 37.25659
-75.72205 37.93705
-76.23287 38.31921
-76.35 39.15
-76.54273 38.71762
-76.32933 38.08326
-76.99 38.23999
-76.30162 37.91794
-76.25874 36.9664
-75.9718 36.89726
-75.86805 36.55126
-75.72749 35.55075
-76.36319 34.80855
-77.39764 34.51201
-78.05496 33.92547
-78.55435 33.86134
-79.06067 33.49395
-79.20357 33.15839
-80.30133 32.50935
-80.86498 32.0333
-81.33629 31.44049
-81.49042 30.72999
-81.31371 30.03552
-80.97999 29.18
-80.53558 28.47213
-80.52999 28.03999
-80.05654 26.88
-80.08802 26.20576
-80.13156 25.81677
-80.38103 25.20616
-80.68001 25.07999
-81.17212 25.20125
-81.32999 25.63999
-81.70999 25.87
-82.24001 26.73
-82.70515 27.49504
-82.85526 27.88624
-82.65001 28.54999
-82.93 29.1
-83.70959 29.93656
-84.1 30.09
-85.10882 29.63615
-85.28784 29.68612
-85.7731 30.15261
-86.39999 30.40001
-87.53036 30.27433
-88.41783 30.38492
-89.18049 30.31598
-89.59383 30.15999
-89.41374 29.89419
-89.43 29.48864
-89.21767 29.29108
-89.40823 29.15961
-89.77928 29.30714
-90.15463 29.11743
-90.88023 29.14854
-91.62678 29.677
-92.49906 29.5523
-93.22637 29.78375
-93.84842 29.71363
-94.69 29.48001
-95.60026 28.73863
-96.59405 28.30747
-97.14001 27.83001
-97.36999 27.38001
-97.37999 26.69
-97.33 26.21
-97.14001 25.87
-97.52807 24.99214
-97.70295 24.27234
-97.77604 22.93258
-97.87237 22.44421
-97.69904 21.89869
-97.38896 21.41102
-97.18933 20.63543
-96.52558 19.89093
-96.29213 19.3204
-95.90088 18.82802
-94.83906 18.56272
-94.42573 18.14437
-93.54865 18.42384
-92.78611 18.52484
-92.03735 18.7046
-91.4079 18.87608
-90.77187 19.28412
-90.53359 19.86742
-90.45148 20.70752
-90.27862 20.99986
-89.60132 21.26173
-88.54387 21.49368
-87.65842 21.45885
-87.05189 21.54354
-86.81198 21.33151
-86.84591 20.84986
-87.38329 20.2554
-87.62105 19.64655
-87.43675 19.4724
-87.58656 19.04013
-87.83719 18.25982
-88.09066 18.51665
-88.30003 18.49998
-88.29634 18.35327
-88.10681 18.34867
-88.12348 18.07667
-88.28535 17.64414
-88.19787 17.48948
-88.30264 17.13169
-88.23952 17.03607
-88.35543 16.53077
-88.55182 16.26547
-88.73243 16.23366
-88.93061 15.88727
-88.60459 15.70638
-88.51836 15.85539
-88.18999 15.72
-88.12115 15.68866
-87.90181 15.86446
-87.61568 15.8788
-87.52292 15.79728
-87.36776 15.84694
-86.90319 15.75671
-86.44095 15.78284
-86.11923 15.89345
-86.00195 16.00541
-85.68332 15.95365
-85.444 15.88575
-85.18244 15.90916
-84.98372 15.99592
-84.52698 15.85722
-84.36826 15.83516
-84.06305 15.64824
-83.77398 15.42407
-83.41038 15.2709
-83.14722 14.99583
-83.23323 14.89987
-83.28416 14.67662
-83.18213 14.3107
-83.4125 13.97008
-83.51983 13.5677
-83.55221 13.12705
-83.49852 12.86929
-83.47332 12.41909
-83.6261 12.32085
-83.71961 11.89312
-83.65086 11.62903
-83.85547 11.37331
-83.80894 11.10304
-83.65561 10.93876
-83.59001 10.785
-83.40232 10.39544
-83.01568 9.992982
-82.5462 9.566161

-82.5462 9.566161
-82.18712 9.207449
-82.20759 8.995575
-81.80857 8.950617
-81.71415 9.031955
-81.43929 8.786234
-80.9473 8.858504
-80.5219 9.111072
-79.9146 9.312765
-79.5733 9.61161
-79.02119 9.552931
-79.05845 9.454565
-78.50089 9.420459
-78.05593 9.24773
-77.72951 8.946844
-77.35336 8.670505

-71.71236 19.71446
-71.5873 19.88491
-71.38 19.90499
-70.80671 19.88029
-70.21436 19.62289
-69.95082 19.648
-69.76925 19.29327
-69.22213 19.31321
-69.25435 19.0152
-68.80941 18.9791
-68.31794 18.6122
-68.68932 18.20514
-69.16495 18.42265
-69.62399 18.38071
-69.95293 18.42831
-70.13323 18.24592
-70.51714 18.18429
-70.6693 18.42689
-70.99995 18.28333
-71.40021 17.59856
-71.65766 17.75757
-71.7083 18.045
-72.37248 18.21496
-72.84441 18.14561
-73.45455 18.21791
-73.92243 18.03099
-74.45803 18.34255
-74.36993 18.66491
-73.44954 18.52605
-72.69494 18.4458
-72.33488 18.66842
-72.79165 19.10163
-72.7841 19.48359
-73.41502 19.63955
-73.18979 19.91568
-72.57967 19.8715
-71.71236 19.71446

14.76125 38.14387
15.52032 38.23118
15.16024 37.44405
15.3099 37.13422
15.09999 36.61999
14.33523 36.99663
13.82673 37.10453
12.431 37.61295
12.57094 38.12638
13.74116 38.03497
14.76125 38.14387

37.53914 44.65722
38.68 44.27998
39.95501 43.435

132.3712 33.46364
132.9244 34.0603
133.493 33.94462
133.9041 34.36493
134.6384 34.14923
134.7664 33.80633
134.2034 33.20118
133.793 33.52199
133.2803 33.28957
133.0149 32.70457
132.3631 32.98938
132.3712 33.46364

-16.25688 19.09672
-16.37765 19.59382
-16.27784 20.09252
-16.53632 20.56787
-17.06342 20.99975
-17.02043 21.42231
-16.97325 21.88574
-16.58914 22.15823
-16.26192 22.67934
-16.32641 23.01777
-15.98261 23.72336
-15.426 24.35913
-15.08933 24.52026
-14.82465 25.10353
-14.80093 25.63626
-14.43994 26.25442
-13.7738 26.61889
-13.13994 27.64015
-12.61884 28.03819
-11.68892 28.14864
-10.90096 28.83214
-10.39959 29.09859
-9.564811 29.93357
-9.814718 31.17774
-9.434793 32.0381
-9.300693 32.56468
-8.657476 33.24025
-7.654178 33.69706
-6.912544 34.11048
-6.244342 35.14587
-5.929994 35.75999
-5.193863 35.75518
-4.591006 35.33071
-3.640057 35.39986
-2.604306 35.17909
-2.169914 35.1684
-1.208603 35.71485
-0.1274544 35.88866
0.5038766 36.30127
1.466919 36.60565
3.161699 36.7839
4.815758 36.86504
5.32012 36.71652
6.26182 37.11066
7.330385 37.11838
7.737078 36.88571
8.420964 36.94643
9.509994 37.34999
10.21 37.23
10.18065 36.72404
11.02887 37.0921
11.10003 36.9
10.6 36.41
10.59329 35.94744
10.93952 35.69898
10.80785 34.83351
10.14959 34.33077
10.33966 33.78574
10.85684 33.76874
11.1085 33.29334
11.48879 33.137
12.66334 32.79278
13.08326 32.87882
13.91866 32.71196
15.24561 32.26509
15.71396 31.37625
16.61163 31.18218
18.0211 30.76357
19.08641 30.2664
19.57403 30.52581
20.05338 30.98576
19.82032 31.75178
20.134 32.23819
20.85452 32.70679
21.54301 32.84322
22.89579 32.63858
23.2368 32.1915
23.60913 32.18726
23.92751 32.01668
24.92115 31.89935
25.1648 31.56916
26.49531 31.58567
27.45763 31.32127
28.45049 31.02576
28.91351 30.87005
29.68344 31.18686
30.09504 31.4734
30.97695 31.55585
31.68797 31.42961
31.96041 30.93362
32.19248 31.26034
32.99393 31.02408
33.77337 30.96746
34.26543 31.21936
34.55637 31.54882
34.48811 31.60554
34.75259 32.07293
34.95542 32.82738
35.09846 33.08054
35.12605 33.0909
35.48221 33.90545
35.97959 34.61006
35.9984 34.64491
35.90502 35.41001
36.14976 35.82153
35.78208 36.275
36.16082 36.65061
35.55094 36.56544
34.71455 36.79553
34.02689 36.21996
32.50916 36.10756
31.6996 36.64428
30.62162 36.67786
30.3911 36.26298
29.69998 36.14436
28.7329 36.67683
27.64119 36.65882
27.04877 37.65336
26.31822 38.20813
26.8047 38.98576
26.17079 39.46361
27.28002 40.42001
28.81998 40.46001
29.24 41.21999
31.14593 41.08762
32.34798 41.73626
33.51328 42.01896
35.1677 42.04022
36.91313 41.33536
38.34766 40.94859
39.51261 41.10276
40.37343 41.01367
41.55408 41.53566
41.70317 41.96294
41.45347 42.64512
40.87547 43.01363
40.32139 43.12863
39.95501 43.435
38.68 44.27998
37.53914 44.65722
36.67547 45.24468
37.40317 45.40452
38.23294 46.24087
37.6737 46.63659
39.14767 47.04473
39.12121 47.26337
38.22354 47.10219
37.42514 47.02222
36.75985 46.6987
35.82368 46.64596
34.96234 46.2732
35.02079 45.65122
35.51001 45.40999
36.53 45.46999
36.33471 45.11322
35.24 44.94
33.88251 44.36148
33.32642 44.56488
33.54692 45.03477
32.45417 45.32747
32.6308 45.51919
33.58816 45.85157
33.29857 46.0806
31.74414 46.33335
31.67531 46.70625
30.74875 46.5831
30.37761 46.03241
29.60329 45.29331
29.62654 45.03539
29.14161 44.82021
28.83786 44.91387
28.55808 43.70746
28.0391 43.29317
27.6739 42.57789
27.99672 42.00736
28.11552 41.62289
28.98844 41.29993
28.80644 41.05496
27.61902 40.99982
27.19238 40.69057
26.35801 40.15199
26.04335 40.61775
26.05694 40.82412
25.44768 40.85255
24.92585 40.94706
23.71481 40.68713
24.408 40.12499
23.89997 39.96201
23.343 39.961
22.81399 40.47601
22.6263 40.25656
22.84975 39.65931
23.35003 39.19001
22.9731 38.9709
23.53002 38.51
24.02502 38.21999
24.04001 37.65501
23.115 37.92001
23.40997 37.40999
22.77497 37.30501
23.15423 36.42251
22.49003 36.41
21.67003 36.84499
21.29501 37.64499
21.12003 38.31032
20.73003 38.76999
20.21771 39.34023
20.15002 39.625
19.98 39.69499
19.96 39.91501
19.40608 40.25077
19.31906 40.72723
19.40355 41.40957
19.54003 41.71999
19.37177 41.87755
19.16248 41.95501
18.88213 42.2815
18.45002 42.47999
17.50997 42.84999
16.93001 43.21
16.01538 43.50722
15.17445 44.24319
15.37625 44.31792
14.92031 44.73848
14.9016 45.07606
14.25875 45.23378
13.95225 44.80212
13.65698 45.13694
13.6794 45.48415
13.71506 45.50032
13.93763 45.59102
13.14161 45.73669
12.32858 45.38178
12.38387 44.88537
12.26145 44.60048
12.58924 44.09137
13.52691 43.58773
14.02982 42.76101
15.14257 41.95514
15.92619 41.96132
16.1699 41.74029
15.88935 41.54108
16.785 41.17961
17.51917 40.87714
18.37669 40.35562
18.48025 40.16887
18.29339 39.81077
17.73838 40.27767
16.8696 40.44223
16.44874 39.7954
17.17149 39.4247
17.05284 38.90287
16.63509 38.84357
16.10096 37.9859
15.68409 37.90885
15.68796 38.21459
15.89198 38.75094
16.10933 38.96455
15.71881 39.54407
15.41361 40.04836
14.9985 40.17295
14.70327 40.60455
14.06067 40.78635
13.62799 41.18829
12.88808 41.25309
12.10668 41.70453
11.19191 42.35543
10.51195 42.93146
10.20003 43.92001
9.702488 44.03628
8.888946 44.36634
8.428561 44.23123
7.850767 43.76715
7.435185 43.69384
6.529245 43.12889
4.556963 43.39965
3.100411 43.0752
2.985999 42.47302
3.039484 41.89212
2.091842 41.22609
0.8105245 41.01473
0.721331 40.67832
0.1066915 40.12393
-0.2787113 39.30998
0.1112907 38.73851
-0.4671236 38.29237
-0.6833895 37.64235
-1.438382 37.44306
-2.146453 36.67414
-3.415781 36.6589
-4.368901 36.67784
-4.995219 36.32471
-5.37716 35.94685
-5.866432 36.02982
-6.236694 36.36768
-6.520191 36.94291
-7.453726 37.09779
-7.855613 36.83827
-8.382816 36.97888
-8.898857 36.86881
-8.746101 37.65135
-8.839998 38.26624
-9.287464 38.35849
-9.526571 38.73743
-9.446989 39.39207
-9.048305 39.75509
-8.977353 40.15931
-8.768684 40.76064
-8.790853 41.18433
-8.990789 41.54346
-9.034818 41.88057
-8.984433 42.59278
-9.392884 43.02662
-7.97819 43.74834
-6.754492 43.56791
-5.411886 43.57424
-4.347843 43.40345
-3.517532 43.4559
-1.901351 43.4228
-1.384225 44.02261
-1.193798 46.01492
-2.225724 47.06436
-2.963276 47.57033
-4.491555 47.95495
-4.59235 48.68416
-3.295814 48.90169
-1.616511 48.64442
-1.933494 49.77634
-0.989469 49.34738
1.338761 50.12717
1.639001 50.94661
2.513573 51.14851
3.314971 51.34578
3.830289 51.62054
4.705997 53.0918
6.074183 53.5104
6.90514 53.48216
7.100425 53.69393
7.936239 53.7483
8.121706 53.52779
8.800734 54.02079
8.572118 54.39565
8.526229 54.96274
8.120311 55.51772
8.089977 56.54001
8.256582 56.80997
8.543438 57.11
9.424469 57.17207
9.775559 57.44794
10.58001 57.73002
10.54611 57.21573
10.25 56.89002
10.36999 56.60998
10.91218 56.45862
10.6678 56.08138
10.36999 56.19001
9.649985 55.47
9.921906 54.9831
9.93958 54.59664
10.95011 54.36361
10.93947 54.00869
11.95625 54.19649
12.51844 54.47037
13.64747 54.07551
14.11969 53.75703
14.8029 54.05071
16.36348 54.51316
17.62283 54.85154
18.62086 54.68261
18.69625 54.43872
19.66064 54.42608
19.88848 54.86616
21.26845 55.19048
21.0558 56.03108
21.09042 56.78387
21.58187 57.41187
22.52434 57.75337
23.31845 57.00624
24.12073 57.02569
24.31286 57.79342
24.42893 58.38341
24.0612 58.25737
23.42656 58.61275
23.3398 59.18724
24.60421 59.46585
25.86419 59.61109
26.94914 59.4458
27.98111 59.47539
29.11769 60.02807
28.07 60.50352
26.25517 60.42396
24.49662 60.05732
22.86969 59.84637
22.29076 60.39192
21.32224 60.72017
21.54487 61.70533
21.05921 62.60739
21.53603 63.18974
22.44274 63.81781
24.73051 64.90234
25.39807 65.11143
25.29404 65.53435
23.90338 66.00693
22.18317 65.72374
21.21352 65.02601
21.36963 64.41359
19.77888 63.60955
17.84778 62.7494
17.11955 61.34117
17.83135 60.63658
18.78772 60.08191
17.86922 58.95377
16.82919 58.71983
16.44771 57.04112
15.87979 56.1043
14.66668 56.20089
14.10072 55.40778
12.94291 55.36174
12.6251 56.30708
11.78794 57.44182
11.02737 58.85615
10.35656 59.46981
8.382 58.31329
7.048748 58.07888
5.665835 58.58816
5.308234 59.66323
4.992078 61.971
5.9129 62.61447
8.553411 63.45401
10.52771 64.48604
12.35835 65.87973
14.76115 67.81064
16.43593 68.56321
19.18403 69.81744
21.37842 70.25517
23.02374 70.20207
24.54654 71.0305
26.37005 70.98626
28.16555 71.18547
31.29342 70.45379
30.00544 70.18626
31.10108 69.55808
32.13275 69.90597
33.77549 69.3014
36.51398 69.06343
40.29235 67.93239
41.05985 67.45712
41.12594 66.79158
40.01583 66.26618
38.38296 65.99954
33.91868 66.75959
33.18447 66.63252
34.81477 65.90015
34.87857 65.43621
34.94391 64.41437
36.23129 64.10945
37.01273 63.84983
37.14197 64.33471
36.53958 64.76446
37.17604 65.14322
39.59345 64.52079
40.4356 64.76446
39.7626 65.49682
42.09309 66.47623
43.01604 66.41858
43.94975 66.06908
44.53225 66.75634
43.6984 67.35243
44.17479 67.96161
43.45283 68.5708
46.25002 68.24999
46.82134 67.68997
45.55517 67.56652
45.562 67.01004
46.34915 66.66767
47.89416 66.88455
48.13876 67.52238
53.71743 68.85738
54.47171 68.80815
53.48582 68.20131
54.75301 68.08685
55.44268 68.43866
57.31702 68.46628
58.802 68.88082
59.94142 68.27844
61.07784 68.94069
60.03 69.52
60.55003 69.85
63.50401 69.54738
64.88811 69.23484
68.51216 68.09233
69.18068 68.61563
68.16444 69.14436
68.13522 69.35649
66.93008 69.45461
67.25976 69.92873
66.72492 70.70889
66.69466 71.02897
68.54006 71.9345
69.19636 72.84336
69.94 73.04
72.58754 72.77629
72.79603 72.22006
71.84811 71.40898
72.47011 71.09019
72.79188 70.39114
72.5647 69.02085
73.66787 68.4079
73.2387 67.7404
71.28 66.32
72.42301 66.17267
72.82077 66.53267
73.92099 66.78946
74.18651 67.28429
75.052 67.76047
74.46926 68.32899
74.93584 68.98918
73.84236 69.07146
73.60187 69.62763
74.3998 70.63175
73.1011 71.44717
74.89082 72.12119
74.65926 72.83227
75.15801 72.85497
75.68351 72.30056
75.28898 71.33556
76.35911 71.15287
75.90313 71.87401
77.57664 72.26717
79.65202 72.32011
81.50002 71.74999
80.61072 72.58286
80.51109 73.64822
82.25 73.85001
84.65523 73.80591
86.82233 73.93688
86.00956 74.45967
87.1668 75.11645
88.31567 75.14394
90.25995 75.63998
92.90061 75.77333
93.23424 76.04719
95.86002 76.14
96.67821 75.91547
98.92257 76.44688
100.7597 76.43027
101.0353 76.86187
101.9908 77.28753
104.3516 77.69792
106.0666 77.37388
104.705 77.12739
106.9701 76.97419
107.24 76.47998
108.1537 76.72335
111.0773 76.71
113.3315 76.22224
114.1342 75.84764
113.8854 75.32779
112.7792 75.03185
110.1513 74.47673
109.4 74.18
110.64 74.04
112.1192 73.78774
113.0195 73.97693
113.5296 73.33505
113.9688 73.59488
115.5678 73.75285
118.7763 73.58772
119.02 73.12
123.2007 72.97121
123.2578 73.73503
125.38 73.56
126.9764 73.56549
128.5913 73.03871
129.0516 72.39872
128.46 71.98
129.716 71.19304
131.2886 70.787
132.2535 71.8363
133.8577 71.38642
135.5619 71.65525
137.4976 71.34763
138.2341 71.62803
139.8698 71.48783
139.1479 72.41619
140.4682 72.84941
149.5 72.19999
150.3512 71.60643
152.9689 70.84221
157.0069 71.03141
158.9978 70.86672
159.8303 70.45324
159.7087 69.72198
160.9405 69.43728
162.2791 69.64204
164.0525 69.66823
165.9404 69.47199
167.863 69.56877
169.5776 68.6938
170.8169 69.01363
170.0082 69.65276
170.4535 70.09703
173.6439 69.81743
175.724 69.87725
178.6 69.4
180 68.96365

180 64.97971
178.7072 64.53493
177.4113 64.60821
178.313 64.07593
178.9083 63.25197
179.3703 62.98262
179.4864 62.56894
179.2283 62.3041
177.3643 62.5219
174.5693 61.76915
173.6801 61.65261
172.15 60.95
170.6985 60.33618
170.3308 59.88177
168.9004 60.57356
166.295 59.78855
165.84 60.16
164.8767 59.7316
163.5393 59.8687
163.2171 59.21101
162.0173 58.24328
162.053 57.83912
163.1919 57.61503
163.0579 56.15923
162.1263 56.11587
161.7015 55.28568
162.1175 54.85514
160.3687 54.34433
160.0217 53.20257
158.5309 52.95868
158.2312 51.94269
156.7898 51.01105
156.42 51.7
155.9919 53.15895
155.4336 55.38101
155.9144 56.76792
156.7582 57.36472
156.8104 57.83203
158.3643 58.05575
160.1507 59.31478
161.872 60.343
163.6697 61.14089
164.4736 62.5506
163.2584 62.46626
162.6579 61.64249
160.1215 60.54423
159.3023 61.77396
156.7207 61.43442
154.2181 59.75818
155.0438 59.14495
152.8119 58.88385
151.2657 58.78089
151.3382 59.50396
149.7837 59.65573
148.5448 59.16448
145.4872 59.33637
142.1978 59.03998
138.9585 57.08804
135.1262 54.72959
136.7017 54.60355
137.1934 53.97732
138.1647 53.75501
138.8046 54.25455
139.9015 54.18966
141.3453 53.08957
141.3792 52.23878
140.5974 51.23967
140.5131 50.04553
140.062 48.44671
138.5547 46.99966
138.2197 46.30795
136.8624 45.1435
135.5154 43.98899
134.8694 43.3982
133.5369 42.81147
132.9062 42.7985
132.2781 43.28454
130.9359 42.55275
130.78 42.22001
130.4 42.28
129.9659 41.94137
129.6674 41.6011
129.7052 40.88283
129.1881 40.66181
129.0104 40.48544
128.6334 40.18985
127.9674 40.02541
127.5334 39.75685
127.5021 39.32393
127.3854 39.21347
127.7833 39.0509
128.3497 38.61224
129.2129 37.43239
129.4604 36.78419
129.4683 35.63214
129.0914 35.08248
128.1859 34.89038
127.3865 34.47567
126.4857 34.39005
126.3739 34.93456
126.5592 35.68454
126.1174 36.72548
126.8601 36.89392
126.1748 37.74969
125.6891 37.94001
125.5684 37.75209
125.2753 37.66907
125.2401 37.85722
124.981 37.94882
124.7122 38.10835
124.986 38.54847
125.2219 38.66586
125.1329 38.84856
125.3866 39.38796
125.3211 39.55138
124.7375 39.66034
124.2656 39.92849
122.8676 39.63779
122.1314 39.17045
121.0546 38.89747
121.586 39.36085
121.3768 39.75026
122.1686 40.42244
121.6404 40.94639
120.7686 40.59339
119.6396 39.89806
119.0235 39.25233
118.0427 39.20427
117.5327 38.73764
118.0597 38.06148
118.8781 37.89733
118.9116 37.44846
119.7028 37.15639
120.8235 37.87043
121.7113 37.48112
122.3579 37.45448
122.52 36.93061
121.1042 36.65133
120.637 36.11144
119.6646 35.60979
119.1512 34.90986
120.2275 34.36033
120.6204 33.37672
121.229 32.46032
121.9081 31.69217
121.8919 30.94935
121.2643 30.67627
121.5035 30.14291
122.0921 29.83252
121.9384 29.01802
121.6844 28.22551
121.1257 28.13567
120.3955 27.05321
119.5855 25.74078
118.6569 24.54739
117.2816 23.6245
115.8907 22.78287
114.7638 22.66807
114.1525 22.22376
113.8068 22.54834
113.2411 22.05137
111.8436 21.55049
110.7855 21.39714
110.5094 20.56541
110.444 20.34103
109.8899 20.28246
109.6277 21.00823
109.8645 21.39505
108.5228 21.71521
108.0502 21.55238
106.7151 20.69685
105.8817 19.75205
105.662 19.05817
106.4268 18.00412
107.362 16.69746
108.2695 16.07974
108.8771 15.27669
109.3353 13.42603
109.2001 11.66686
108.3661 11.00832
107.2209 10.36448
106.4051 9.53084
105.1583 8.59976
104.7952 9.241038
105.0762 9.918491
104.3343 10.48654
103.4973 10.63256
103.0907 11.15366
102.5849 12.18659
101.6872 12.64574
100.8318 12.62708
100.9785 13.41272
100.0978 13.40686
100.0187 12.307
99.47892 10.84637
99.15377 9.963061
99.2224 9.239255
99.87383 9.207862
100.2796 8.295153
100.4593 7.429573
101.0173 6.856869
101.6231 6.740622
102.1412 6.221636
102.3711 6.128205
102.9617 5.524495
103.3812 4.855001
103.4386 4.181606
103.3321 3.726698
103.4294 3.382869
103.5024 2.791019
103.8547 2.515454
104.2479 1.631141
104.2288 1.293048
103.5197 1.226334
102.5736 1.967115
101.3906 2.760814
101.2735 3.270292
100.6954 3.93914
100.5574 4.76728
100.1967 5.312493
100.3063 6.040562
100.0858 6.464489
99.69069 6.848213
99.51964 7.343454
98.98825 7.907993
98.50379 8.382305
98.33966 7.794512
98.15001 8.350007
98.25915 8.973923
98.55355 9.93296
98.45717 10.67527
98.76455 11.44129
98.42834 12.03299
98.50957 13.12238
98.1036 13.64046
97.77773 14.83729
97.59707 16.10057
97.16454 16.92873
96.50577 16.42724
95.36935 15.71439
94.8084 15.80345
94.1888 16.03794
94.53349 17.27724
94.32482 18.21351
93.54099 19.36649
93.66325 19.72696
93.07828 19.85514
92.36855 20.67088
92.08289 21.1922
92.02522 21.70157
91.83489 22.18294
91.41709 22.76502
90.49601 22.80502
90.58696 22.39279
90.27297 21.83637
89.84747 22.03915
89.70205 21.85712
89.41886 21.96618
89.03196 22.05571
88.88877 21.69059
88.2085 21.70317
86.9757 21.49556
87.03317 20.74331
86.49935 20.15164
85.06027 19.47858
83.94101 18.30201
83.18922 17.67122
82.19279 17.01664
82.19124 16.55666
81.69272 16.31022
80.792 15.95197
80.3249 15.89918
80.02507 15.13641
80.23327 13.83577
80.28629 13.00626
79.86255 12.05622
79.858 10.35728
79.34051 10.30885
78.88535 9.546136
79.18972 9.216544
78.27794 8.933047
77.94117 8.252959
77.5399 7.965535
76.59298 8.899276
76.13006 10.29963
75.74647 11.30825
75.3961 11.78125
74.86482 12.74194
74.61672 13.99258
74.44386 14.61722
73.5342 15.99065
73.11991 17.92857
72.82091 19.20823
72.82448 20.4195
72.63053 21.35601
71.17527 20.75744
70.47046 20.87733
69.16413 22.0893
69.64493 22.45077
69.3496 22.84318
68.17665 23.69197
67.44367 23.94484
67.14544 24.66361
66.37283 25.42514
64.53041 25.23704
62.9057 25.21841
61.49736 25.07824
59.61613 25.38016
58.52576 25.60996
57.39725 25.7399
56.97077 26.96611
56.49214 27.1433
55.72371 26.96463
54.71509 26.48066
53.4931 26.81237
52.4836 27.58085
51.52076 27.86569
50.85295 28.81452
50.11501 30.14777
49.57685 29.98572
48.94133 30.31709
48.56797 29.92678
47.97452 29.97582
48.18319 29.53448
48.09394 29.3063
48.41609 28.552
48.80759 27.68963
49.29955 27.46122
49.47091 27.11
50.15242 26.68966
50.21294 26.27703
50.1133 25.94397
50.23986 25.60805
50.52739 25.32781
50.66056 24.9999
50.81011 24.75474
50.74391 25.48242
51.01335 26.00699
51.28646 26.11458
51.58908 25.80111
51.6067 25.21567
51.38961 24.62739
51.57952 24.2455
51.75744 24.29407
51.79439 24.01983
52.57708 24.17744
53.40401 24.15132
54.008 24.12176
54.69302 24.79789
55.43902 25.43915
56.07082 26.05546
56.36202 26.39593
56.48568 26.30912
56.39142 25.89599
56.26104 25.71461
56.39685 24.92473
56.84514 24.24167
57.40345 23.87859
58.13695 23.74793
58.72921 23.56567
59.1805 22.9924
59.4501 22.66027
59.80806 22.53361
59.80615 22.31052
59.44219 21.71454
59.28241 21.43389
58.86114 21.11403
58.48799 20.42899
58.03432 20.48144
57.82637 20.243
57.66576 19.736
57.7887 19.06757
57.69439 18.94471
57.23426 18.94799
56.60965 18.57427
56.51219 18.08711
56.28352 17.87607
55.66149 17.88413
55.26994 17.63231
55.2749 17.22835
54.791 16.9507
54.23925 17.04498
53.57051 16.70766
53.10857 16.65105
52.38521 16.38241
52.19173 15.93843
52.16816 15.59742
51.17252 15.17525
49.57458 14.70877
48.67923 14.0032
48.23895 13.94809
47.93891 14.00723
47.35445 13.59222
46.71708 13.3997
45.87759 13.34776
45.62505 13.29095
45.40646 13.02691
45.14436 12.95394
44.98953 12.69959
44.49458 12.72165
44.17511 12.58595
43.48296 12.6368
43.22287 13.22095
43.25145 13.76758
43.08794 14.06263
42.89225 14.80225
42.60487 15.21334
42.80502 15.26196
42.70244 15.71889
42.82367 15.91174
42.77933 16.34789
42.64957 16.77464
42.34799 17.07581
42.27089 17.47472
41.75438 17.83305
41.22139 18.6716
40.93934 19.48649
40.24765 20.17463
39.80168 20.33886
39.1394 21.2919
39.0237 21.98688
39.06633 22.57966
38.49277 23.68845
38.02386 24.07869
37.48363 24.28549
37.15482 24.85848
37.20949 25.08454
36.93163 25.60296
36.6396 25.82623
36.24914 26.57014
35.64018 27.37652
35.13019 28.06335
34.63234 28.05855
34.78778 28.60743
34.83222 28.95748
34.95604 29.35655
34.9226 29.50133
34.64174 29.09941
34.42656 28.34398
34.15454 27.82331
33.92137 27.6487
33.58811 27.97137
33.13677 28.41765
32.42322 29.85107
32.32044 29.76043
32.73483 28.70522
33.34875 27.69989
34.10456 26.14228
34.4739 25.59857
34.79507 25.03374
35.69243 23.92671
35.49373 23.75237
35.52598 23.10244
36.69071 22.20485
36.86623 22
37.18872 21.01885
36.9694 20.83744
37.11472 19.80796
37.48177 18.61408
37.86273 18.36787
38.41009 17.99831
38.99062 16.84063
39.26611 15.92272
39.81429 15.43565
41.17927 14.49108
41.73495 13.92104
42.27683 13.34399
42.58958 13.00042
43.08123 12.69964
43.31785 12.39015
43.28638 11.97493
42.71587 11.73564
43.1453 11.46204
43.47066 11.27771
43.66667 10.86417
44.1178 10.44554
44.61426 10.44221
45.55694 10.69803
46.6454 10.81655
47.52566 11.12723
48.0216 11.19306
48.37878 11.37548
48.94821 11.41062
49.26777 11.43034
49.72862 11.57891
50.25877 11.67957
50.73203 12.0219
51.11123 12.02464
51.13386 11.74815
51.04152 11.1665
51.04529 10.6409
50.83419 10.27973
50.5524 9.198741
50.07093 8.081729
49.45272 6.80465
48.59453 5.339106
47.74079 4.219407
46.56473 2.855278
45.56397 2.045767
44.06814 1.052804
43.13595 0.2921789
42.0416 -0.9191684
41.81097 -1.446475
41.58514 -1.683256
40.88477 -2.08256
40.63785 -2.49979
40.26304 -2.57309
40.1212 -3.277681
39.80008 -3.68117
39.6049 -4.346556
39.20222 -4.67677
38.74051 -5.908941
38.79978 -6.475677
39.44 -6.839996
39.46997 -7.09998
39.19469 -7.703922
39.252 -8.007831
39.18653 -8.485528
39.53576 -9.112363
39.94958 -10.0984
40.31659 -10.3171
40.47839 -10.76544
40.43725 -11.76171
40.56081 -12.63918
40.59962 -14.20198
40.77548 -14.69176
40.47725 -15.40629
40.08926 -16.10077
39.45256 -16.72089
38.53835 -17.10102
37.41113 -17.58637
36.28128 -18.65969
35.8965 -18.84226
35.1984 -19.55281
34.78638 -19.78401
34.70189 -20.49704
35.17613 -21.25436
35.37343 -21.84084
35.38585 -22.14
35.56255 -22.09
35.53393 -23.07079
35.37177 -23.53536
35.60747 -23.70656
35.45875 -24.12261
35.04073 -24.47835
34.21582 -24.81631
33.01321 -25.35757
32.57463 -25.72732
32.66036 -26.14858
32.91596 -26.21587
32.83012 -26.74219
32.58026 -27.47016
32.46213 -28.30101
32.20339 -28.7524
31.521 -29.25739
31.32556 -29.40198
30.90176 -29.90996
30.62281 -30.42378
30.05572 -31.14027
28.92555 -32.17204
28.21976 -32.77195
27.46461 -33.22696
26.41945 -33.61495
25.90966 -33.66704
25.78063 -33.94465
25.17286 -33.79685
24.67785 -33.98718
23.59404 -33.79447
22.98819 -33.91643
22.57416 -33.86408
21.5428 -34.25884
20.68905 -34.41718
20.07126 -34.79514
19.61641 -34.81917
19.19328 -34.4626
18.85531 -34.44431
18.42464 -33.99787
18.37741 -34.13652
18.2445 -33.86775
18.25008 -33.28143
17.92519 -32.61129
18.24791 -32.42913
18.22176 -31.66163
17.56692 -30.72572
17.06442 -29.87864
17.06292 -29.87595
16.34498 -28.57671
15.60182 -27.82125
15.21047 -27.09096
14.98971 -26.11737
14.74321 -25.39292
14.40814 -23.85301
14.38572 -22.65665
14.25771 -22.11121
13.86864 -21.69904
13.3525 -20.87283
12.82685 -19.67317
12.60856 -19.04535
11.79492 -18.06913
11.7342 -17.30189
11.6401 -16.67314
11.77854 -15.79382
12.12358 -14.87832
12.17562 -14.44914
12.5001 -13.5477
12.73848 -13.13791
13.31291 -12.48363
13.63372 -12.03864
13.73873 -11.29786
13.68638 -10.73108
13.38733 -10.37358
13.12099 -9.766897
12.87537 -9.166934
12.92906 -8.959091
13.23643 -8.562629
12.93304 -7.596539
12.7283 -6.927122
12.22735 -6.294448
12.32243 -6.100092
12.18234 -5.789931
11.91496 -5.037987
11.09377 -3.978827
10.06614 -2.969483
9.405245 -2.144313
8.797996 -1.111301
8.830087 -0.7790736
9.04842 -0.4593515
9.291351 0.2686661
9.492889 1.01012
9.305613 1.160911
9.649158 2.283866
9.795196 3.073404
9.404367 3.734527
8.948116 3.904129
8.744924 4.352215
8.488816 4.495617
8.500288 4.771983
7.462108 4.412108
7.082596 4.464689
6.698072 4.240594
5.898173 4.262453
5.362805 4.887971
5.033574 5.611802
4.325607 6.270651
3.57418 6.2583
2.691702 6.258817
1.865241 6.142158
1.060122 5.928837
-0.5076379 5.343473
-1.063625 5.000548
-1.964707 4.710462
-2.856125 4.994476
-3.311084 4.984296
-4.00882 5.179813
-4.649917 5.168264
-5.834496 4.993701
-6.528769 4.705088
-7.518941 4.338288
-7.712159 4.364566
-7.974107 4.355755
-9.004794 4.832419
-9.91342 5.593561
-10.76538 6.140711
-11.43878 6.785917
-11.70819 6.860098
-12.4281 7.262942
-12.94905 7.798646
-13.12403 8.163946
-13.24655 8.903049
-13.68515 9.494744
-14.07404 9.886167
-14.33008 10.01572
-14.5797 10.21447
-14.69323 10.6563
-14.83955 10.87657
-15.13031 11.04041
-15.66418 11.45847
-16.08521 11.52459
-16.31479 11.80651
-16.30895 11.9587
-16.61384 12.17091
-16.67745 12.38485
-16.84152 13.15139
-16.71373 13.59496
-17.12611 14.37352
-17.62504 14.72954
-17.18517 14.91948
-16.70071 15.62153
-16.4631 16.13504
-16.54971 16.67389
-16.27055 17.16696
-16.14635 18.10848
-16.25688 19.09672

-177.55 68.2
-180 68.96365

-180 -16.06713
-179.7933 -16.02088
-179.9174 -16.50178
-180 -16.55522

125.9471 -8.432095
126.6447 -8.398247
126.9572 -8.273345
127.3359 -8.397317
126.968 -8.668256
125.9259 -9.106007
125.0885 -9.393173
124.436 -10.14
123.58 -10.35999
123.46 -10.23999
123.55 -9.900016
123.98 -9.290027
124.9687 -8.89279
125.0862 -8.656887
125.9471 -8.432095

-180 -84.71338
-179.9425 -84.72144
-179.0587 -84.13941
-177.2568 -84.45293
-176.0847 -84.09926
-175.8299 -84.11791
-174.3825 -84.53432
-173.1166 -84.11791
-172.8891 -84.06102
-169.9512 -83.88465
-169 -84.11791
-168.5302 -84.23739
-167.0221 -84.5705
-164.1821 -84.82521
-161.9298 -85.13873
-158.0714 -85.37391
-155.1923 -85.09956
-150.9421 -85.29552
-148.5331 -85.60904
-145.8889 -85.3151
-143.1077 -85.04075
-142.8923 -84.5705
-146.8291 -84.53127
-150.0607 -84.29615
-150.9029 -83.90423
-153.5862 -83.68869
-153.4099 -83.23802
-153.0378 -82.82652
-152.6656 -82.45419
-152.8615 -82.04269
-154.5263 -81.76839
-155.2902 -81.41565
-156.8374 -81.10213
-154.4088 -81.16094
-152.0977 -81.00415
-150.6483 -81.33731
-148.866 -81.04337
-147.2207 -80.67104
-146.4177 -80.33794
-146.7703 -79.92644
-148.0629 -79.65209
-149.5319 -79.3582
-151.5884 -79.2994
-153.3903 -79.16225
-155.3294 -79.06427
-155.9757 -78.69194
-157.2683 -78.37842
-158.0518 -78.02568
-158.3651 -76.88921
-157.8755 -76.98724
-156.9746 -77.30076
-155.3294 -77.20273
-153.7428 -77.06558
-152.9202 -77.49666
-151.3338 -77.39874
-150.0019 -77.18314
-148.7485 -76.90885
-147.6125 -76.57574
-146.1044 -76.47776
-146.1435 -76.10543
-146.4961 -75.73315
-146.2023 -75.38041
-144.9096 -75.20404
-144.322 -75.5372
-142.7944 -75.34124
-141.6388 -75.08648
-140.209 -75.06689
-138.8576 -74.96891
-137.5062 -74.73378
-136.4289 -74.51824
-135.2146 -74.3027
-134.4312 -74.36146
-133.7457 -74.43985
-132.2572 -74.3027
-130.9253 -74.47902
-129.5543 -74.45943
-128.242 -74.32228
-126.8906 -74.42026
-125.4021 -74.51824
-124.0115 -74.47902
-122.5622 -74.4986
-121.0736 -74.51824
-119.7026 -74.47902
-118.6841 -74.18508
-117.4698 -74.02835
-116.2163 -74.24389
-115.0216 -74.06752
-113.9443 -73.71483
-113.298 -74.02835
-112.9455 -74.38104
-112.2991 -74.7142
-111.2611 -74.42026
-110.0663 -74.79254
-108.7149 -74.9101
-107.5593 -75.18445
-106.1491 -75.1257
-104.8761 -74.94933
-103.3679 -74.9885
-102.0165 -75.1257
-100.6455 -75.30202
-100.1167 -74.87093
-100.763 -74.53783
-101.2527 -74.18508
-102.5453 -74.10674
-103.1133 -73.73441
-103.3288 -73.36209
-103.6813 -72.61753
-102.9175 -72.75468
-101.6052 -72.81344
-100.3125 -72.75468
-99.13738 -72.91141
-98.11889 -73.20535
-97.68804 -73.55804
-96.33659 -73.61685
-95.04396 -73.4797
-93.67291 -73.28374
-92.439 -73.16618
-91.42056 -73.40131
-90.08873 -73.32291
-89.22695 -72.55872
-88.42395 -73.00939
-87.26834 -73.18577
-86.01482 -73.08779
-85.19224 -73.4797
-83.87999 -73.51887
-82.66565 -73.63644
-81.47091 -73.85198
-80.68745 -73.4797
-80.29579 -73.12696
-79.29689 -73.51887
-77.92586 -73.42089
-76.90737 -73.63644
-76.22188 -73.96954
-74.89005 -73.87161
-73.85202 -73.65602
-72.83353 -73.40131
-71.61921 -73.26416
-70.20904 -73.14654
-68.93592 -73.00939
-67.95662 -72.79385
-67.36906 -72.48033
-67.13404 -72.04925
-67.25155 -71.63775
-67.56494 -71.24583
-67.91748 -70.85392
-68.23084 -70.46206
-68.48545 -70.10931
-68.54421 -69.7174
-68.44628 -69.32554
-67.97623 -68.95321
-67.5845 -68.54171
-67.42784 -68.14985
-67.62367 -67.71876
-67.74118 -67.32685
-67.25155 -66.87618
-66.70318 -66.58224
-66.05682 -66.20996
-65.37133 -65.89639
-64.56828 -65.60251
-64.17654 -65.17142
-63.62815 -64.89707
-63.00139 -64.64231
-62.04169 -64.58355
-61.41493 -64.27003
-60.70985 -64.07407
-59.88727 -63.95651
-59.16258 -63.70174
-58.59456 -63.38822
-57.81114 -63.27066
-57.22358 -63.52542
-57.59573 -63.85853
-58.61414 -64.15247
-59.04507 -64.36801
-59.78934 -64.21122
-60.61193 -64.3092
-61.29742 -64.54433
-62.0221 -64.79909
-62.51176 -65.09303
-62.64886 -65.48494
-62.59013 -65.85722
-62.12008 -66.19033
-62.80557 -66.42551
-63.74569 -66.50385
-64.29411 -66.83701
-64.88169 -67.15047
-65.50842 -67.58161
-65.66508 -67.95389
-65.31255 -68.36534
-64.78371 -68.67891
-63.9611 -68.91398
-63.1973 -69.22756
-62.78596 -69.61942
-62.57052 -69.99175
-62.27674 -70.38366
-61.80666 -70.71677
-61.51291 -71.08905
-61.37581 -72.01007
-61.08198 -72.38235
-61.00366 -72.77427
-60.69027 -73.16618
-60.82737 -73.69524
-61.37581 -74.10674
-61.96337 -74.43985
-63.2952 -74.577
-63.74569 -74.92974
-64.35284 -75.26285
-65.86099 -75.63512
-67.19282 -75.79191
-68.44628 -76.00745
-69.79772 -76.223
-70.60072 -76.6345
-72.20678 -76.67367
-73.96954 -76.6345
-75.55598 -76.71289
-77.24037 -76.71289
-76.92698 -77.1048
-75.39929 -77.28107
-74.28288 -77.55542
-73.65612 -77.90811
-74.77254 -78.22163
-76.4961 -78.12365
-77.92586 -78.37842
-77.98467 -78.78992
-78.02378 -79.18183
-76.84864 -79.51494
-76.63322 -79.88722
-75.3601 -80.25955
-73.24485 -80.41633
-71.44295 -80.69063
-70.01316 -81.00415
-68.19165 -81.31767
-65.70428 -81.47446
-63.25603 -81.74876
-61.55203 -82.04269
-59.69142 -82.37585
-58.71212 -82.84611
-58.22249 -83.21843
-57.00812 -82.86569
-55.36289 -82.57176
-53.61977 -82.25823
-51.54364 -82.00352
-49.76135 -81.72917
-47.27393 -81.70959
-44.82571 -81.84674
-42.80836 -82.08191
-42.16202 -81.65083
-40.77143 -81.35689
-38.24482 -81.33731
-36.26667 -81.12171
-34.3864 -80.90617
-32.3103 -80.76902
-30.0971 -80.59265
-28.5498 -80.33794
-29.2549 -79.9852
-29.68581 -79.6325
-29.68581 -79.26023
-31.62481 -79.2994
-33.68132 -79.45613
-35.63991 -79.45613
-35.91411 -79.08385
-35.77701 -78.33925
-35.32655 -78.12365
-33.89676 -77.88853
-32.21237 -77.65345
-30.99805 -77.35952
-29.78373 -77.06558
-28.88278 -76.67367
-27.51175 -76.49735
-26.16034 -76.36014
-25.47482 -76.2818
-23.92755 -76.24258
-22.4586 -76.10543
-21.22469 -75.90947
-20.01038 -75.67435
-18.91354 -75.43922
-17.52298 -75.1257
-16.64159 -74.79254
-15.70149 -74.4986
-15.40771 -74.10674
-16.46532 -73.87161
-16.11278 -73.46012
-15.44686 -73.14654
-14.4088 -72.95059
-13.31197 -72.71546
-12.29351 -72.40194
-11.51007 -72.01007
-11.02043 -71.53977
-10.29577 -71.26542
-9.101015 -71.32422
-8.611381 -71.65733
-7.416622 -71.6965
-7.377451 -71.32422
-6.868232 -70.93231
-5.790985 -71.03029
-5.536375 -71.40262
-4.341667 -71.46137
-3.048981 -71.28505
-1.795492 -71.16744
-0.6594891 -71.22625
-0.2286368 -71.63775
0.8681954 -71.30464
1.886686 -71.12827
3.022638 -70.99112
4.139055 -70.85392
5.157546 -70.61879
6.273912 -70.46206
7.13572 -70.24651
7.742866 -69.89377
8.48711 -70.14853
9.525135 -70.01133
10.24985 -70.48164
10.81782 -70.83433
11.95382 -70.63838
12.40429 -70.24651
13.42278 -69.97216
14.735 -70.03092
15.12676 -70.40325
15.94934 -70.03092
17.02659 -69.91335
18.20171 -69.87418
19.25937 -69.89377
20.37574 -70.01133
21.45299 -70.07014
21.92303 -70.40325
22.5694 -70.69718
23.66618 -70.52081
24.84136 -70.48164
25.97731 -70.48164
27.09373 -70.46206
28.09258 -70.32485
29.15024 -70.20729
30.03158 -69.93294
30.97173 -69.75662
31.99017 -69.65864
32.75405 -69.38429
33.30244 -68.83564
33.87042 -68.50259
34.90849 -68.65927
35.3002 -69.01201
36.16201 -69.24714
37.20003 -69.16875
37.90511 -69.52144
38.6494 -69.77621
39.66789 -69.54108
40.02043 -69.10994
40.92136 -68.93362
41.95943 -68.60052
42.9387 -68.46331
44.11388 -68.26741
44.89729 -68.05187
45.71993 -67.81674
46.50334 -67.6012
47.44344 -67.71876
48.34442 -67.36607
48.99074 -67.09172
49.93089 -67.1113
50.75347 -66.87618
50.94932 -66.52348
51.79155 -66.24913
52.61413 -66.05318
53.61304 -65.89639
54.53355 -65.81805
55.41494 -65.87681
56.35504 -65.97478
57.15809 -66.24913
57.25597 -66.68022
58.13736 -67.01333
58.74451 -67.28768
59.93932 -67.40524
60.60522 -67.67959
61.42781 -67.95389
62.38749 -68.0127
63.19049 -67.81674
64.05235 -67.40524
64.99245 -67.62073
65.97172 -67.73835
66.91186 -67.85591
67.89113 -67.9343
68.89004 -67.9343
69.71262 -68.97279
69.67345 -69.22756
69.55594 -69.67823
68.59626 -69.93294
67.81274 -70.30527
67.94989 -70.69718
69.06631 -70.67755
68.92916 -71.06946
68.41999 -71.44179
67.94989 -71.85329
68.71377 -72.16681
69.86931 -72.26479
71.0249 -72.08842
71.57329 -71.6965
71.90629 -71.32422
72.45463 -71.0107
73.08141 -70.71677
73.33602 -70.36403
73.86488 -69.87418
74.49156 -69.77621
75.62756 -69.73704
76.62647 -69.61942
77.6449 -69.46268
78.13454 -69.07077
78.42837 -68.69844
79.11386 -68.32622
80.09313 -68.0715
80.93535 -67.87555
81.48379 -67.54239
82.05177 -67.36607
82.77643 -67.20928
83.77533 -67.30726
84.67621 -67.20928
85.65553 -67.09172
86.75236 -67.15047
87.47702 -66.87618
87.98629 -66.20991
88.35841 -66.48426
88.82841 -66.95457
89.67063 -67.15047
90.63037 -67.22887
91.5901 -67.1113
92.60854 -67.1897
93.54864 -67.20928
94.17542 -67.1113
95.01759 -67.17011
95.78147 -67.38565
96.6824 -67.2485
97.75965 -67.2485
98.68021 -67.1113
99.71818 -67.2485
100.3842 -66.91535
100.8934 -66.58224
101.5789 -66.30789
102.8324 -65.56328
103.4787 -65.70049
104.2426 -65.97478
104.9085 -66.32753
106.1816 -66.93493
107.1609 -66.95457
108.0814 -66.95457
109.1586 -66.83701
110.2358 -66.6998
111.0585 -66.42551
111.744 -66.13157
112.8604 -66.09235
113.6047 -65.87681
114.3881 -66.07276
114.8973 -66.38628
115.6024 -66.6998
116.6992 -66.66063
117.3847 -66.91535
118.5795 -67.17011
119.8329 -67.26809
120.871 -67.1897
121.6544 -66.87618
122.3204 -66.56266
123.2213 -66.48426
124.1223 -66.62146
125.1602 -66.71939
126.1004 -66.56266
127.0014 -66.56266
127.8828 -66.66063
128.8033 -66.75861
129.7043 -66.58224
130.7815 -66.42551
131.7999 -66.38628
132.9359 -66.38628
133.8565 -66.2883
134.7574 -66.20996
135.0316 -65.72007
135.0708 -65.30857
135.6975 -65.58287
135.8738 -66.03359
136.2067 -66.44509
136.618 -66.7782
137.4603 -66.95457
138.5962 -66.89576
139.9084 -66.87618
140.8094 -66.81737
142.1217 -66.81737
143.0618 -66.79778
144.3741 -66.83701
145.4904 -66.91535
146.1956 -67.22887
145.9997 -67.6012
146.6461 -67.89513
147.7233 -68.13026
148.8396 -68.38502
150.1323 -68.56129
151.4837 -68.71813
152.5022 -68.87481
153.6382 -68.8945
154.2846 -68.56129
155.1659 -68.83564
155.9298 -69.14922
156.8111 -69.38429
158.0255 -69.48227
159.181 -69.59983
159.6707 -69.99175
160.8067 -70.22688
161.5705 -70.57962
162.6869 -70.73635
163.8424 -70.71677
164.9197 -70.77552
166.1144 -70.75594
167.3091 -70.83433
168.4256 -70.97148
169.4636 -71.20666
170.5017 -71.40262
171.2068 -71.6965
171.0892 -72.08842
170.5604 -72.44116
170.11 -72.89183
169.7574 -73.24452
169.2873 -73.65602
167.9751 -73.81281
167.3875 -74.1655
166.0948 -74.38104
165.6444 -74.77296
164.9589 -75.14528
164.2342 -75.4588
163.8228 -75.8703
163.5682 -76.24258
163.4703 -76.6933
163.4899 -77.06558
164.0579 -77.45744
164.2734 -77.82977
164.7435 -78.18251
166.6041 -78.31961
166.9958 -78.75075
165.1939 -78.90748
163.6662 -79.12303
161.7664 -79.16225
160.9242 -79.73048
160.7479 -80.20074
160.317 -80.57307
159.7882 -80.94539
161.12 -81.2785
161.6293 -81.69
162.491 -82.06228
163.7053 -82.39544
165.0959 -82.70896
166.6041 -83.02248
168.8957 -83.336
169.4048 -83.82589
172.2839 -84.04143
172.477 -84.11791
173.2241 -84.41371
175.9857 -84.159
178.2772 -84.47252
180 -84.71338

-180 68.96364
-177.55 68.2
-174.9283 67.20589
-175.0143 66.58435
-174.3398 66.33556
-174.5718 67.06219
-171.8573 66.91308
-169.8996 65.97724
-170.8911 65.54139
-172.5303 65.43791
-172.555 64.46079
-172.9553 64.25269
-173.8918 64.2826
-174.6539 64.63125
-175.9835 64.92288
-176.2072 65.35667
-177.2227 65.52024
-178.3599 65.39052
-178.9033 65.74044
-178.6861 66.11211
-179.8838 65.87456
-179.4327 65.40411
-180 64.97971

-180 71.51571
-179.8719 71.55762
-179.0243 71.55553
-177.5779 71.26948
-177.6636 71.13277
-178.6938 70.89302
-180 70.8322

180 70.8322
178.9034 70.78114
178.7253 71.0988
180 71.51571

180 -16.55522
179.3641 -16.80135
178.7251 -17.01204
178.5968 -16.63915
179.0966 -16.43398
179.4135 -16.37905
180 -16.06713

-61.2 -51.85
-60 -51.25
-59.15 -51.5
-58.55 -51.1
-57.75 -51.55
-58.05 -51.9
-59.4 -52.2
-59.85 -51.85
-60.7 -52.3
-61.2 -51.85

68.935 -48.625
69.58 -48.94
70.525 -49.065
70.56 -49.255
70.28 -49.71
68.745 -49.775
68.72 -49.2425
68.8675 -48.83
68.935 -48.625

178.1256 -17.50481
178.3736 -17.33992
178.7181 -17.62846
178.5527 -18.15059
177.9327 -18.28799
177.3815 -18.16432
177.285 -17.72465
177.6709 -17.38114
178.1256 -17.50481

-61.68 10.76
-61.105 10.89
-60.895 10.855
-60.935 10.11
-61.77 10
-61.95 10.09
-61.66 10.365
-61.68 10.76

-155.4021 20.07975
-155.2245 19.99302
-155.0623 19.8591
-154.8074 19.50871
-154.8315 19.45328
-155.2222 19.23972
-155.5421 19.08348
-155.6882 18.91619
-155.9367 19.05939
-155.9081 19.33888
-156.0735 19.70294
-156.0237 19.81422
-155.8501 19.97729
-155.9191 20.17395
-155.8611 20.26721
-155.785 20.2487
-155.4021 20.07975

-155.9957 20.76404
-156.0793 20.64397
-156.4145 20.57241
-156.5867 20.783
-156.7017 20.8643
-156.7106 20.92676
-156.6126 21.01249
-156.2571 20.91745
-155.9957 20.76404

-156.7582 21.17684
-156.7893 21.06873
-157.3252 21.09777
-157.2503 21.21958
-156.7582 21.17684

-158.0252 21.71696
-157.9416 21.65272
-157.6528 21.32217
-157.707 21.26442
-157.7786 21.27729
-158.1267 21.31244
-158.2538 21.53919
-158.2927 21.57912
-158.0252 21.71696

-159.3657 22.21494
-159.3451 21.982
-159.4637 21.88299
-159.8005 22.06533
-159.7488 22.1382
-159.5962 22.23618
-159.3657 22.21494

-78.19087 25.2103
-77.89 25.17
-77.54 24.34
-77.53466 23.75975
-77.78 23.71
-78.03405 24.28615
-78.40848 24.57564
-78.19087 25.2103

-78.98 26.79
-78.51 26.87
-77.85 26.84
-77.82 26.58
-78.91 26.42
-78.98 26.79

-77.79 27.04
-77 26.59
-77.17255 25.87918
-77.35641 26.00735
-77.34 26.53
-77.78802 26.92516
-77.79 27.04

-64.01486 47.03601
-63.6645 46.55001
-62.9393 46.41587
-62.01208 46.44314
-62.50391 46.03339
-62.87433 45.96818
-64.1428 46.39265
-64.39261 46.72747
-64.01486 47.03601

46.68201 44.6092
47.67591 45.64149
48.64541 45.80629
49.10116 46.39933
50.03408 46.60899
51.19195 47.0487
52.04202 46.80464
53.04274 46.85301
53.22087 46.23465
53.04088 45.25905
52.16739 45.40839
51.3169 45.246
51.2785 44.51485
50.30564 44.60984
50.33913 44.28402
50.89129 44.03103
51.34243 43.13297
52.50143 42.7923
52.69211 42.4439
52.44634 42.02715
52.50246 41.78333
52.81469 41.13537
52.91675 41.86812
53.72171 42.12319
54.00831 41.55121
54.73685 40.95101
53.85814 40.63103
52.91525 40.87652
52.69397 40.03363
53.35781 39.97529
53.10103 39.29057
53.88093 38.95209
53.73551 37.90614
53.9216 37.19892
53.82579 36.96503
52.26402 36.70042
50.84235 36.87281
50.14777 37.37457
49.19961 37.58287
48.88327 38.32026
48.85653 38.81549
49.22323 39.04922
49.39526 39.39948
49.5692 40.1761
50.39282 40.25656
50.08483 40.52616
49.61891 40.57292
49.11026 41.28229
48.58437 41.80888
47.49252 42.98658
47.59094 43.66016
46.68201 44.6092

-64.51912 49.87304
-64.17322 49.95718
-62.85829 49.70641
-61.83559 49.28855
-61.8063 49.10506
-62.29318 49.08717
-63.58926 49.40069
-64.51912 49.87304

-80.3154 62.08557
-79.92939 62.3856
-79.52002 62.36371
-79.26582 62.15868
-79.65752 61.63308
-80.09956 61.7181
-80.36215 62.01649
-80.3154 62.08557

-83.99367 62.4528
-83.25048 62.91409
-81.87699 62.90458
-81.89825 62.7108
-83.06857 62.15922
-83.77462 62.18231
-83.99367 62.4528

-75.21597 67.44425
-75.86588 67.14886
-76.98687 67.09873
-77.2364 67.58809
-76.81166 68.14856
-75.89521 68.28721
-75.1145 68.01036
-75.10333 67.58202
-75.21597 67.44425

-96.5574 69.68003
-95.64769 69.10769
-96.26951 68.75704
-97.6174 69.06003
-98.43181 68.9507
-99.7974 69.40003
-98.91741 69.71004
-98.21826 70.14352
-97.1574 69.86003
-96.5574 69.68003

-106.5226 73.076
-105.4024 72.67259
-104.7748 71.69841
-104.4648 70.99298
-102.7854 70.49776
-100.9808 70.0243
-101.0893 69.58449
-102.7312 69.50403
-102.0933 69.11961
-102.4303 68.75281
-104.24 68.91
-105.96 69.18
-107.1226 69.11924
-109 68.78
-111.5341 68.63006
-113.3132 68.53554
-113.855 69.00744
-115.22 69.28
-116.1079 69.16821
-117.34 69.96
-116.6747 70.06652
-115.1311 70.23732
-113.7214 70.19236
-112.4161 70.36635
-114.35 70.60001
-116.4868 70.52045
-117.9048 70.54055
-118.4324 70.90921
-116.1131 71.30919
-117.6557 71.29518
-119.402 71.55858
-118.5627 72.30783
-117.8664 72.70595
-115.1891 73.3146
-114.1672 73.12145
-114.6663 72.65277
-112.441 72.95539
-111.0504 72.45041
-109.9203 72.96113
-109.0065 72.63334
-108.1884 71.65087
-107.686 72.06547
-108.3964 73.08954
-107.5165 73.236
-106.5226 73.076

-79.77583 72.8029
-80.8761 73.33318
-80.83389 73.69318
-80.35306 73.75972
-78.06444 73.65193
-76.34 73.10268
-76.2514 72.82639
-77.31444 72.85555
-78.39167 72.87666
-79.48625 72.7422
-79.77583 72.8029

139.8631 73.36983
140.8117 73.76506
142.0621 73.85758
143.4828 73.47525
143.6038 73.21244
142.0876 73.20544
140.0382 73.31692
139.8631 73.36983

148.2222 75.34584
150.7317 75.08406
149.5759 74.68892
147.9775 74.77836
146.1192 75.17298
146.3585 75.49682
148.2222 75.34584

138.8311 76.13676
141.4716 76.09289
145.0863 75.56263
144.3 74.82
140.6138 74.84768
138.9554 74.61148
136.9744 75.26167
137.5118 75.94917
138.8311 76.13676

-98.577 76.58861
-98.5 76.72
-97.73559 76.25656
-97.70441 75.74344
-98.16 75
-99.80873 74.89744
-100.8837 75.05736
-100.8629 75.64076
-102.5021 75.56381
-102.5655 76.33658
-101.4897 76.30537
-99.98348 76.64633
-98.577 76.58861

102.8378 79.28129
105.3724 78.71334
105.0755 78.30689
99.43814 77.921
101.2649 79.23399
102.0864 79.34641
102.8378 79.28129

93.77766 81.0246
95.94089 81.2504
97.88385 80.74697
100.1867 79.78014
99.93976 78.88094
97.75794 78.7562
94.97259 79.04475
93.31288 79.4265
92.5454 80.14379
91.18107 80.34146
93.77766 81.0246

-96.01643 80.60232
-95.32345 80.90728
-94.29842 80.97728
-94.73543 81.20646
-92.40983 81.25739
-91.13288 80.72345
-87.81 80.32
-87.02 79.66
-85.81434 79.33691
-87.18757 79.03931
-89.03536 78.28721
-90.80435 78.21533
-92.87668 78.34333
-93.95116 78.75101
-93.93573 79.11372
-93.14524 79.38012
-94.97399 79.37247
-96.07615 79.70501
-96.70972 80.15777
-96.01643 80.60232

-91.58702 81.89429
-90.1 82.085
-88.93227 82.11751
-86.97024 82.27961
-85.5 82.65227
-84.26001 82.6
-83.18 82.32
-82.42 82.86
-81.1 83.02
-79.30664 83.13056
-76.25 83.17206
-75.71878 83.06404
-72.83153 83.23324
-70.66577 83.16978
-68.5 83.10632
-65.82735 83.02801
-63.68 82.9
-61.85 82.6286
-61.89388 82.36165
-64.334 81.92775
-66.75342 81.72527
-67.65755 81.50141
-65.48031 81.50657
-67.84 80.9
-69.4697 80.61683
-71.18 79.8
-73.2428 79.63415
-73.88 79.43016
-76.90773 79.32309
-75.52924 79.19766
-76.22046 79.01907
-75.39345 78.52581
-76.34354 78.18296
-77.88851 77.89991
-78.36269 77.50859
-79.75951 77.20968
-79.61965 76.98336
-77.91089 77.02204
-77.88911 76.77795
-80.56125 76.17812
-83.17439 76.45403
-86.11184 76.29901
-87.6 76.42
-89.49068 76.47239
-89.6161 76.95213
-87.76739 77.17833
-88.26 77.9
-87.65 77.97022
-84.97634 77.53873
-86.34 78.18
-87.96192 78.37181
-87.15198 78.75867
-85.37868 78.9969
-85.09495 79.34543
-86.50734 79.73624
-86.93179 80.25145
-84.19844 80.20836
-83.4087 80.1
-81.84823 80.46442
-84.1 80.58
-87.59895 80.51627
-89.36663 80.85569
-90.2 81.26
-91.36786 81.5531
-91.58702 81.89429

-46.76379 82.62796
-43.40644 83.22516
-39.89753 83.18018
-38.62214 83.54905
-35.08787 83.64513
-27.10046 83.51966
-20.84539 82.72669
-22.69182 82.34165
-26.51753 82.29765
-31.9 82.2
-31.39646 82.02154
-27.85666 82.13178
-24.84448 81.78697
-22.90328 82.09317
-22.07175 81.73449
-23.16961 81.15271
-20.62363 81.52462
-15.76818 81.91245
-12.77018 81.71885
-12.20855 81.29154
-16.28533 80.58004
-16.85 80.35
-20.04624 80.17708
-17.73035 80.12912
-18.9 79.4
-19.70499 78.75128
-19.67353 77.63859
-18.47285 76.98565
-20.03503 76.94434
-21.67944 76.62795
-19.83407 76.09808
-19.59896 75.24838
-20.66818 75.15585
-19.37281 74.29561
-21.59422 74.22382
-20.43454 73.81713
-20.76234 73.46436
-22.17221 73.30955
-23.56593 73.30663
-22.31311 72.62928
-22.29954 72.18409
-24.27834 72.59788
-24.79296 72.3302
-23.44296 72.08016
-22.13281 71.46898
-21.75356 70.66369
-23.53603 70.471
-24.30702 70.85649
-25.54341 71.43094
-25.20135 70.75226
-26.36276 70.22646
-23.72742 70.18401
-22.34902 70.12946
-25.02927 69.2588
-27.74737 68.47046
-30.67371 68.12503
-31.77665 68.12078
-32.81105 67.73547
-34.20196 66.67974
-36.35284 65.9789
-37.04378 65.93768
-38.37505 65.69213
-39.81222 65.45848
-40.66899 64.83997
-40.68281 64.13902
-41.1887 63.48246
-42.81938 62.68233
-42.41666 61.90093
-42.86619 61.07404
-43.3784 60.09772
-44.7875 60.03676
-46.26364 60.85328
-48.26294 60.85843
-49.23308 61.40681
-49.90039 62.38336
-51.63325 63.62691
-52.14014 64.27842
-52.27659 65.1767
-53.66166 66.09957
-53.30161 66.8365
-53.96911 67.18899
-52.9804 68.35759
-51.47536 68.72958
-51.08041 69.14781
-50.87122 69.9291
-52.01358 69.57493
-52.55792 69.42616
-53.45629 69.28362
-54.68336 69.61003
-54.75001 70.28932
-54.35884 70.82132
-53.43131 70.83576
-51.39014 70.56978
-53.10937 71.20485
-54.00422 71.54719
-55 71.40654
-55.83468 71.65444
-54.71819 72.58625
-55.32634 72.95861
-56.12003 73.64977
-57.32363 74.71026
-58.59679 75.09861
-58.58516 75.51727
-61.26861 76.10238
-63.39165 76.1752
-66.06427 76.13486
-68.50438 76.06141
-69.66485 76.37975
-71.40257 77.00857
-68.77671 77.32312
-66.76397 77.37595
-71.04293 77.63595
-73.297 78.04419
-73.15938 78.43271
-69.37345 78.91388
-65.7107 79.39436
-65.3239 79.75814
-68.02298 80.11721
-67.15129 80.51582
-63.68925 81.21396
-62.23444 81.3211
-62.65116 81.77042
-60.28249 82.03363
-57.20744 82.19074
-54.13442 82.19962
-53.04328 81.88833
-50.39061 82.43883
-48.00386 82.06481
-46.59984 81.98594
-44.523 81.6607
-46.9007 82.19979
-46.76379 82.62796

-106.6 73.6
-105.26 73.64
-104.5 73.42
-105.38 72.76
-106.94 73.46
-106.6 73.6

